n=  50;
m=  50;
MM=[  513,  556,  514,  493,  547,  509,  563,  462,  541,  451,  501,  486,  497,  518,  572,  548,  511,  426,  447,  437,  485,  599,  429,  482,  424,  475,  476,  526,  581,  589,  400,  423,  530,  552,  470,  534,  532,  438,  491,  413,  569,  571,  477,  474,  515,  546,  501,  493,  523,  570 ];
AA=[  476,  435,  540,  404,  453,  421,  432,  388,  408,  536,  427,  450,  476,  509,  370,  352,  523,  440,  384,  393,  409,  423,  437,  428,  432,  435,  410,  394,  510,  541,  363,  437,  528,  528,  550,  359,  532,  529,  370,  380,  466,  445,  515,  449,  459,  423,  400,  377,  453,  501 ];
a=[
[1900,4400,2600,1000,2600,800,700,4000,2100,3400,2300,3100,2700,800,2200,2700,3900,3100,2100,2000,1800,3800,2400,1800,4200,1700,800,2200,2800,2200,1400,900,1300,1700,3200,3100,3900,1800,3700,800,800,3900,4300,4000,4200,3300,1400,500,3300,4200 ],
[2100,2500,4000,4400,1500,3100,3700,1800,2100,2400,3500,4300,2400,2800,3000,2400,2300,2600,3600,3700,1300,2400,3700,1400,2700,3300,900,4200,3300,2000,3100,900,2500,1500,1200,3000,1200,3100,4200,3800,1800,3500,2500,2000,1300,4100,1900,1400,4000,3100 ],
[1500,1700,3500,2700,2700,1800,1600,900,1300,800,3700,2000,3000,4000,2800,4400,1500,4100,2600,3000,1200,700,2700,2000,3500,1100,4000,1700,800,3400,1300,1700,4200,4000,600,4200,3100,3000,4000,3900,2100,1100,800,1700,2500,2100,3800,1900,4000,1400 ],
[2900,4300,3700,1400,2300,1600,2600,2000,2400,3000,1800,2900,500,700,800,3500,2600,1500,3600,3000,4100,2500,900,4100,2300,600,500,1600,3200,1900,1800,1200,3400,900,2500,2500,1400,1400,800,4100,2700,1700,2700,4200,800,3700,2900,2000,4000,1600 ],
[700,3000,3200,2600,3800,3400,2500,600,3700,2900,3500,1800,2900,2700,1400,2900,1600,500,3700,3700,3200,1400,900,1600,800,1600,2400,3700,800,2000,3100,3700,4400,700,1600,1200,1300,3700,1400,1600,2200,4000,800,4000,1900,1800,2300,800,2800,3700 ],
[4100,2200,3700,3000,3200,1100,1100,2900,2700,2900,3200,3000,2300,3600,2200,1000,2600,2600,700,4100,1200,2300,1500,700,3900,600,3700,3300,3600,1200,1500,4000,500,1900,900,500,1700,700,3900,2100,4100,800,1500,1100,4100,1000,3200,1000,700,2400 ],
[1500,2900,2200,3300,3000,2800,2700,800,4000,900,2600,3400,2600,1500,1800,3200,1700,500,2800,3400,1400,2600,2200,2500,1600,1400,3000,4300,2000,1500,1400,3600,4200,1100,2600,3700,3400,1700,4200,3100,1000,900,1200,2600,4400,3800,4100,1600,1700,4300 ],
[2800,2400,1000,1900,1300,2000,3900,1600,1700,2000,2900,3100,1200,500,1600,2300,2900,800,3200,2800,500,3300,3500,2600,800,2600,2900,2500,2400,4000,1000,4300,4200,1200,2000,3200,3200,2800,3400,500,2800,3000,3600,2200,3700,2600,3100,1300,1500,2400 ],
[2100,1200,800,2600,2700,2100,3200,3400,3800,800,3000,700,4300,3200,3300,1700,3000,3500,2500,1800,1800,1300,1000,4300,3600,3100,3700,2900,2700,3300,2900,2400,3900,1800,3200,3500,500,4100,2100,1300,2200,1900,2900,1200,900,3000,2700,4000,2300,1700 ],
[2900,1100,3200,500,3200,3500,3700,1800,2800,1600,3000,700,1600,1100,3400,3400,2900,1700,1300,2300,3500,900,2700,800,2500,2500,600,4300,3000,2500,1700,2400,1300,4200,2400,3100,4300,2500,2400,2200,1900,2100,2900,4400,2300,1300,3200,2500,4400,2500 ],
[4200,3300,1000,3300,3700,4200,1100,600,1900,2500,2900,2100,2700,4100,3300,3800,500,2900,3000,3200,3700,3900,800,3300,2300,4300,3700,3700,1700,1500,1000,4100,2600,2200,800,1600,900,2700,1200,3100,3500,3900,3000,1800,2200,3200,4100,2000,1400,2700 ],
[2500,4100,1200,2500,2400,3400,1300,1000,2400,3700,4400,700,3100,2300,800,3300,900,1500,3600,2700,4100,800,1200,1400,2300,3100,600,1600,3500,2100,3600,1900,1700,4000,2100,1100,800,3900,700,1900,1400,2900,800,1900,2200,2100,1400,3400,3200,800 ],
[3000,2400,2400,3800,2800,3000,1400,1700,2200,3300,2600,900,4000,900,3800,1900,3100,3000,1100,1400,1900,1500,1500,1000,3600,1100,2900,1900,1600,4300,2000,1700,3400,3900,3700,1500,1200,3400,3300,3500,2500,2000,3500,4300,2200,900,4000,1100,2500,3100 ],
[3200,4100,2800,700,1700,4300,1300,3900,2900,1400,1300,500,3500,2800,2800,900,2600,2700,1400,4000,1000,1000,700,1200,1400,3700,4100,3700,1400,1400,4100,4100,2400,3300,1900,3400,2800,1200,1900,1600,800,1500,2800,3300,1800,2800,1100,3100,800,3300 ],
[1200,1100,1500,800,3700,2400,4400,3700,2500,4200,3400,2600,1400,500,1000,1800,2200,4400,4100,2700,900,3600,500,500,3000,900,3400,900,3300,3900,3200,2800,3000,2000,1900,3800,1700,600,2000,2300,600,1800,1400,1200,1300,2700,4200,1700,3300,1100 ],
[2500,1700,1400,800,2600,2000,1600,2300,2700,700,4100,700,1500,3900,1600,4400,1400,1300,600,800,4300,2600,4200,1100,2700,1600,4300,900,500,4100,1400,2000,1400,1800,2200,2300,1100,3000,4400,1300,2000,1700,4000,2500,2600,600,500,1200,1100,3000 ],
[1900,1800,2900,1300,1500,3100,2800,900,600,1100,1200,1900,1200,2200,2000,600,1400,2600,3000,1600,4100,500,4000,4100,700,2100,600,2000,3700,3800,4400,700,2600,4200,2100,4300,3600,1900,1300,4200,1800,1000,800,2900,4100,3600,3500,2400,900,2300 ],
[4200,1300,4000,3300,3100,4300,1800,4300,4400,1000,3800,2800,600,700,3300,2400,3700,2700,3800,4400,1800,1100,1100,2300,900,2300,3800,3000,3300,1300,2000,3700,1800,3100,1700,1900,2000,3000,4200,1700,2100,1300,1900,3200,1100,3400,4200,600,2100,1000 ],
[2200,2000,4000,1500,1400,2400,2100,2900,2800,4000,900,2100,1600,2900,2000,1100,1600,1400,3500,1200,2500,2500,800,2200,3700,1000,3300,3700,800,900,1000,1100,1400,3400,3600,3400,2900,2600,4100,2500,4100,1000,1900,3900,4300,1800,3900,2800,2500,3600 ],
[2200,4300,800,2900,2900,2300,3500,3100,2900,2800,600,3000,1100,2200,2500,1700,4300,1500,3500,3800,1600,2200,3100,3200,1600,3800,2100,4300,3800,900,1900,3200,1100,1700,900,2800,1500,3500,4000,3000,1400,4200,2400,800,4300,500,1300,3100,2200,2500 ],
[2900,3000,4400,2700,4100,2600,1800,1600,2500,3800,3100,1500,3700,3600,3000,3600,1800,2000,900,2900,700,1300,2400,1500,4400,1500,1300,2000,4000,2400,1000,1500,1900,700,1500,3700,3700,2200,2200,3200,800,3800,4000,4200,2600,1200,2800,4200,600,4100 ],
[700,900,1600,1100,3700,3000,800,2600,4200,1600,3500,3200,700,2000,3100,1600,700,500,3100,3400,500,800,3800,1400,2100,1500,3600,1100,3700,2100,3600,4400,3100,1500,3100,500,1000,2900,1000,3100,1800,3700,3100,2200,1500,3600,2900,1900,900,3300 ],
[4100,2800,500,900,1600,3600,1900,3500,2500,1200,500,4000,2600,2300,1900,3800,2300,4400,4300,2100,2100,3900,4200,2100,900,600,3400,2300,2700,1700,4400,2100,1100,3700,4000,500,4200,3300,900,1600,1400,4100,600,1400,3200,600,1500,2000,800,4400 ],
[1300,3600,700,3700,2500,3700,1300,600,2500,2700,2000,900,4200,1900,900,4100,3100,2800,1000,3000,1700,4400,1200,1500,3000,1500,600,2300,1500,2100,1000,3000,2100,600,1000,3100,900,900,3500,1100,3200,1300,1600,3300,4400,3200,3100,900,3800,1200 ],
[900,3300,4100,2000,1300,1700,3200,4400,3200,2000,800,1000,1400,1700,2700,900,2900,4400,600,3300,1000,1900,1700,3100,3900,4400,4300,1500,3700,2000,2000,3500,700,2300,800,1500,3600,1900,4300,2100,1300,2000,1100,3100,1400,4300,1200,2400,1600,3800 ],
[3900,1800,2200,3600,2400,1400,900,3700,2200,3900,3300,1700,3900,3900,4200,4100,1700,3700,500,4000,1700,3000,2600,800,3200,4100,1000,2000,1700,1400,4000,3200,2100,600,1800,3500,1700,1800,2100,4100,3600,900,3000,1400,1700,2700,3300,2700,1500,2300 ],
[3100,2800,3100,4000,500,4300,3000,3000,500,4400,2500,500,700,2500,3700,1500,1100,3800,4000,2200,2600,800,700,1900,700,1300,1700,2900,1100,1700,4300,700,1200,2000,3700,2100,1900,2500,3400,2100,1000,4200,3900,500,1500,3100,2100,3200,4000,3500 ],
[2000,900,3000,500,1100,4000,2500,4300,4200,1300,500,2500,3100,3400,2700,1900,3300,2600,3100,1000,2600,3000,4000,600,4100,800,4200,600,3900,1900,1000,2500,4200,4400,1600,1900,3400,3500,3500,4200,3400,1400,3800,600,3900,4100,2600,3800,1400,3400 ],
[2200,1500,1500,2500,3800,3800,3700,2800,1800,4200,700,3100,1200,1400,3300,3600,2200,3400,1200,3900,2800,1600,4000,900,1000,1000,1900,2200,2100,1700,1900,2400,2800,1100,4400,1100,2900,2900,1000,2400,3000,800,1000,1700,4000,1700,4100,1600,2200,3100 ],
[3100,4100,700,4000,4300,3800,1500,2600,1200,1900,1000,2500,4300,1900,1900,1100,2400,2100,700,1600,600,1700,4200,3300,2800,1800,3800,1500,3300,1900,4300,3200,900,2300,1500,1400,900,4300,2400,2300,3200,1300,1800,1800,600,600,2300,2500,1800,600 ],
[900,2600,1000,1200,1100,2400,700,800,1000,4100,1800,4400,1100,1600,1400,4100,2400,2900,600,3100,4300,2600,2100,3200,1500,4100,2700,1500,4200,1800,4000,2600,4000,3300,3100,3700,1100,2600,2600,1400,3200,1100,500,1000,2700,3800,2400,2300,1000,500 ],
[3800,3100,3400,3900,1300,4300,3700,2700,2400,3700,1500,3900,1300,1600,3000,3900,1400,2300,3300,2100,1300,3800,4100,1500,500,4300,600,3400,1000,1000,3700,600,1500,1700,3300,4300,1300,2100,2400,3800,3900,2800,1400,1000,1200,2500,3200,3600,700,4300 ],
[2000,1000,3000,1400,4000,2600,2600,3000,4000,1700,1000,3700,1100,800,2300,2200,3500,3800,3500,3700,2500,2200,3100,2900,1100,1300,2300,1300,2800,4100,3900,3500,3500,1300,2600,800,2000,2800,4100,2000,3600,3700,1600,1200,700,1400,1300,2700,2800,4400 ],
[2600,1400,3000,1600,4300,4000,2800,1000,2100,1500,500,2100,3900,3900,1300,2600,4300,2000,3600,1200,2200,2900,3700,2500,900,3500,2400,1400,3200,3300,3500,1500,2200,1000,1800,2600,3700,2600,2900,3700,1200,1900,3300,1200,3700,3900,600,2600,1100,2300 ],
[900,1800,2000,3200,2200,2700,3900,4100,2500,2800,3200,2400,3800,700,3000,1400,3300,2500,1400,3700,2700,1100,3400,4400,3200,3700,4300,4100,2300,4400,3300,4400,500,1300,900,900,2400,900,3100,3500,2300,2200,2200,1000,1100,1100,2700,2800,2400,3600 ],
[1900,4200,1600,800,3400,2500,4400,2600,700,3400,2600,1400,2300,4200,3600,1300,4200,2300,1300,1500,1600,2000,3200,3200,3500,2100,500,3900,4100,3000,600,800,1500,1800,4300,1900,3200,800,3700,1900,2200,3200,1400,4400,2300,3000,2000,4200,1300,2100 ],
[1500,500,1900,2800,3500,4200,4200,3200,2700,4000,3100,700,2000,1800,600,2100,1200,3600,3500,3400,2800,4300,4000,3100,2300,2200,700,3400,2200,1100,1800,3000,3100,2100,1300,500,1900,2100,3400,3900,4100,1900,800,4300,1200,3300,3900,3200,4000,700 ],
[4300,1400,3400,3500,3300,900,4200,1500,4200,1100,800,4200,3100,500,3600,2000,500,1100,1700,1200,2700,2500,4300,4300,3000,3200,3400,2800,3800,3500,2200,3900,700,1600,4300,3700,3400,900,1600,2700,4100,1500,1500,2200,2900,2000,2400,3900,2800,2000 ],
[2600,4000,1300,3100,2700,3400,800,4300,4300,2300,1000,1700,2900,3800,2800,1800,600,4200,1900,1600,800,3900,1000,3000,2300,700,2800,3400,4300,3000,3000,3500,1300,4200,600,600,2200,1400,2500,3700,2200,1000,4300,900,2600,2700,3600,3300,4000,2900 ],
[2100,3800,3500,1200,800,1400,3700,2200,700,800,3500,2800,2700,1800,2500,2200,4200,4000,1500,2100,1100,3000,2000,2700,2300,4300,3400,2700,3500,2700,2600,600,1600,2700,2900,500,2000,1900,900,1900,2200,2700,3900,2200,2700,3900,3900,1200,1600,4400 ],
[2400,3400,3000,1000,3100,4200,3900,3600,1100,1800,1600,3800,1500,1000,4000,3700,3800,1400,500,2900,3600,4000,1200,1900,3200,4100,2700,4400,3600,3300,500,3700,2600,900,3400,1600,3500,2700,2000,2700,800,1800,4400,1800,1800,2500,2900,2700,2700,1300 ],
[1100,4200,4100,1300,3700,3600,4200,3100,1600,1100,4200,1200,2500,1600,3200,3800,2800,2400,3900,800,1500,1900,1400,4200,1200,3100,1700,2400,2100,1700,3500,3600,1700,2800,1200,3500,3700,1200,3600,1800,1500,3100,1000,2600,3400,4400,1100,3400,2500,2000 ],
[3200,1400,3500,1800,3300,2300,4400,1600,3500,600,3300,1200,1700,1400,1300,1200,4300,1000,3100,4300,3600,2400,3100,3000,1800,2000,1000,800,600,600,1100,600,3300,4400,1100,3300,4400,1600,1600,2500,2400,4100,2400,3800,4400,1500,4000,2900,1400,1400 ],
[4200,3000,3800,3100,2700,600,2900,700,3200,1500,1300,2400,2200,3400,4200,2700,3300,3500,4200,2800,3500,2000,2000,2600,1300,2500,2300,700,2800,1000,3100,600,1000,3700,1600,1800,3300,2700,1200,2700,3900,3800,2900,1300,2400,1100,900,1700,3400,4000 ],
[3700,3000,3500,4100,2500,500,3900,800,1500,1500,3900,1900,2300,3600,3800,1100,3700,4200,3100,4000,2300,3000,3100,3100,4300,3800,3400,1700,2700,3800,2600,2600,1700,2600,2500,3600,700,1200,4300,4300,3800,4300,2500,1100,2800,4200,2900,2100,2700,3800 ],
[3300,2000,4100,3200,2900,1300,4100,2000,3900,2400,1600,4100,2300,1500,2300,2300,4200,3000,1900,2700,2600,900,2600,3200,3000,3700,2800,900,700,2000,500,2100,4300,1900,1200,3800,3300,2500,4300,2200,3800,1900,4000,2700,3900,3000,3300,2100,3500,4000 ],
[4000,2000,900,900,2700,2200,2700,3700,3000,1200,3600,500,600,4200,1400,3900,900,4300,2700,1100,2600,4000,3900,4100,3000,4300,800,2000,3900,2300,2200,3600,1400,2800,3500,900,700,3000,3900,1000,2800,1200,2000,1400,4100,3100,1100,3700,2900,2800 ],
[1100,1900,4300,1400,2300,2200,2200,2600,2500,1500,1100,2700,1300,2000,1100,3800,500,3800,4400,1300,2200,4200,4100,1900,2500,1000,1600,3600,800,4200,3400,4200,1100,3900,2100,1700,1800,2700,3900,3900,2700,1000,1200,3000,800,2800,2700,2200,500,2900 ],
[1600,2500,2100,3600,3400,1200,3800,3800,1500,2200,1100,3700,3300,4300,2800,500,500,2200,2600,1500,600,3500,2800,4000,4300,2700,3800,1000,2400,2200,1800,1600,3300,1800,1200,2700,3600,1700,4400,2700,1400,3500,1500,3900,4100,1700,800,3400,3400,2100 ],
[1800,3800,3900,1400,800,2700,4000,1200,600,2900,800,2900,800,1800,4300,4200,2200,2400,2400,2800,3200,2900,800,3600,900,1500,3600,1800,3600,2500,2100,2300,1600,4000,3400,2400,2200,1400,3400,1600,4100,2000,3300,2100,4100,3700,2800,600,700,700 ]
];
c=[
[107,30,81,54,21,74,31,29,21,27,50,66,106,49,39,56,101,116,33,24,88,80,80,86,97,116,114,49,25,98,50,36,81,30,68,40,83,119,67,43,55,50,100,41,91,23,35,74,103,46 ],
[84,43,48,102,110,69,109,33,106,21,90,100,79,117,23,26,22,92,117,25,35,58,92,67,117,20,71,47,69,22,37,41,64,34,68,79,63,96,100,69,104,92,97,37,87,21,29,86,119,71 ],
[62,78,109,29,37,94,117,83,88,26,104,94,108,103,24,33,85,71,74,35,58,50,78,98,61,61,73,33,59,98,34,44,97,63,38,91,111,118,73,71,76,110,26,116,81,57,116,90,71,33 ],
[56,40,85,73,49,32,82,70,63,70,36,69,45,89,39,55,49,64,48,97,105,79,56,94,50,45,89,44,94,58,38,115,100,47,96,104,89,45,52,106,109,81,50,28,31,88,47,29,45,49 ],
[95,56,87,63,39,20,117,75,25,28,112,102,39,64,71,74,23,81,22,44,51,58,92,51,53,24,74,33,117,53,105,33,115,93,44,35,24,73,94,29,50,93,28,90,64,119,112,22,108,112 ],
[26,96,47,60,115,94,60,25,55,25,83,90,86,82,83,77,53,65,101,84,75,64,87,43,98,103,42,119,43,75,109,74,25,26,101,90,112,59,52,21,58,70,20,100,119,47,89,46,42,81 ],
[46,30,80,70,24,103,84,25,44,93,59,101,100,116,101,116,58,73,41,28,73,22,70,84,41,37,114,62,38,107,90,70,27,33,58,71,111,118,46,52,76,70,33,49,65,57,82,105,56,79 ],
[88,115,33,57,77,89,98,50,57,42,49,40,29,74,101,60,80,21,64,52,48,84,85,71,114,52,107,85,52,90,119,21,64,66,103,77,67,117,84,85,111,87,52,93,41,95,111,24,48,110 ],
[63,91,53,32,58,115,27,24,38,59,43,28,62,61,108,63,20,52,32,106,29,81,113,78,96,87,61,93,91,82,88,57,51,40,29,114,20,114,75,65,87,110,41,31,90,104,86,116,85,73 ],
[63,102,102,75,79,80,39,110,74,84,66,38,53,119,37,26,41,54,35,75,37,56,96,37,83,70,93,101,88,72,62,51,52,60,112,96,102,40,57,24,119,45,48,40,24,80,92,95,60,86 ],
[105,104,66,59,23,110,56,75,55,47,32,109,81,118,96,42,107,73,50,88,39,57,84,106,36,81,107,61,51,113,56,51,74,99,96,22,38,69,101,32,46,85,64,39,34,25,91,117,73,25 ],
[67,38,86,111,110,60,23,102,34,115,115,68,102,97,23,53,35,73,25,26,109,85,26,101,55,104,78,45,34,64,37,70,76,86,116,56,89,54,86,87,66,26,47,67,70,81,71,57,67,27 ],
[83,61,23,37,44,27,102,81,34,70,25,67,63,119,76,109,59,34,65,94,96,64,88,113,76,37,37,67,79,96,55,76,25,26,38,47,37,40,31,81,87,113,66,21,56,82,39,70,60,57 ],
[33,45,108,110,113,27,94,26,80,29,45,48,36,100,78,42,99,35,34,64,91,46,86,106,58,25,58,59,119,113,78,106,40,29,70,44,81,52,56,103,77,44,107,90,25,59,83,102,104,75 ],
[49,65,61,50,45,104,107,90,51,49,43,64,86,33,84,24,118,32,57,103,84,55,108,103,40,93,113,96,94,68,103,100,88,59,44,101,41,79,119,31,57,47,115,34,71,62,115,69,75,86 ],
[33,30,61,93,55,99,62,22,67,38,81,73,96,104,46,102,71,41,114,27,100,74,36,39,117,116,33,84,36,58,57,61,29,117,35,44,100,37,27,40,33,94,26,119,35,33,105,100,100,43 ],
[71,60,59,50,88,111,105,84,89,63,98,45,65,59,90,76,20,59,29,28,28,101,31,55,28,80,25,96,38,101,114,113,80,114,108,101,50,41,115,98,67,33,107,41,91,27,88,57,91,107 ],
[29,90,98,60,59,97,97,100,21,57,106,100,24,90,76,44,58,73,100,105,57,98,111,96,20,114,117,57,22,39,88,78,86,52,110,62,90,77,58,91,30,39,60,36,66,47,55,24,22,23 ],
[55,72,118,109,78,28,43,91,113,87,116,37,118,82,90,47,74,51,75,36,50,40,110,23,40,96,104,88,80,51,117,115,69,108,62,37,38,72,35,56,37,100,23,97,47,51,33,118,41,64 ],
[41,96,28,99,71,45,73,109,28,51,75,40,59,119,39,73,30,71,79,43,110,51,37,23,21,97,110,35,106,115,100,35,93,64,59,94,76,104,78,51,54,107,32,28,66,115,96,22,38,85 ],
[98,27,27,76,52,31,115,49,102,106,105,97,78,92,109,28,24,21,38,51,62,44,26,58,103,70,58,90,115,109,80,33,110,78,102,89,106,41,36,98,84,55,24,30,44,60,48,60,118,44 ],
[21,100,20,54,113,40,106,44,57,38,107,77,27,54,43,22,100,106,116,119,42,22,82,94,62,86,103,56,42,115,52,99,42,119,36,92,113,24,24,47,86,64,23,71,24,68,37,56,39,100 ],
[86,73,118,31,84,56,116,49,101,96,101,29,50,92,69,35,86,116,46,109,102,97,68,76,52,26,95,78,49,44,87,101,109,58,75,68,44,93,87,106,22,90,113,24,48,101,21,35,31,29 ],
[64,32,51,30,32,94,25,75,40,73,49,25,64,100,68,75,50,108,78,77,77,56,90,43,39,101,98,71,69,60,24,77,41,58,43,105,103,43,108,47,36,119,21,104,42,43,34,68,108,62 ],
[68,103,90,104,68,54,20,46,68,119,36,112,107,53,81,89,119,100,112,58,108,63,34,71,61,59,45,34,68,28,40,69,58,84,30,62,57,21,71,28,36,33,97,48,108,97,112,57,79,115 ],
[89,79,73,43,65,62,83,38,48,36,20,92,63,105,58,53,105,50,97,33,86,98,96,71,77,86,48,92,90,28,91,68,66,57,88,100,35,110,113,58,77,69,29,40,20,76,42,64,22,98 ],
[69,78,34,90,58,61,52,100,35,66,98,100,84,97,79,50,75,43,25,116,90,107,110,112,21,100,83,23,46,93,92,42,92,36,61,22,42,100,54,21,65,94,44,105,53,64,61,21,100,77 ],
[97,64,69,44,77,99,115,42,49,118,73,33,25,25,23,86,89,92,86,58,60,39,27,96,63,108,57,48,51,45,65,101,84,118,117,97,60,26,115,85,41,68,87,101,34,100,59,98,117,84 ],
[39,72,105,102,94,36,118,104,117,48,87,101,110,110,100,29,119,66,90,42,118,91,108,109,119,30,35,26,36,42,21,63,65,54,71,116,31,25,96,25,22,87,109,79,116,94,33,29,68,20 ],
[53,59,107,67,29,115,61,78,42,71,30,79,53,76,44,81,93,42,93,118,114,32,20,103,59,76,104,39,49,30,77,99,85,42,55,67,107,88,72,20,73,110,55,68,41,56,67,105,58,104 ],
[21,115,111,21,27,60,80,94,32,27,89,32,70,113,72,116,25,89,70,66,74,52,49,26,63,63,91,116,42,44,105,78,48,64,58,20,23,37,117,47,97,32,73,114,85,41,54,66,67,78 ],
[76,117,52,91,88,110,47,112,85,52,88,90,23,103,94,55,48,91,48,38,118,53,36,27,95,40,74,35,21,30,22,22,108,46,55,73,114,62,38,60,81,44,41,103,54,72,69,25,102,27 ],
[112,83,28,42,25,78,27,54,106,116,116,108,20,55,75,87,99,58,50,87,108,46,115,54,49,114,90,38,73,57,69,55,84,116,100,48,80,48,118,87,59,74,33,55,79,57,113,107,61,20 ],
[22,100,64,105,96,27,75,25,76,111,92,77,22,34,100,99,82,114,54,94,91,48,29,72,116,86,106,54,85,109,83,60,57,23,56,67,115,91,95,108,109,58,104,59,63,57,58,115,29,92 ],
[39,69,49,33,26,40,63,72,98,116,81,25,72,94,82,87,72,57,34,57,101,104,35,106,75,20,20,49,22,68,94,41,69,20,69,119,71,83,22,43,41,58,115,23,97,62,29,28,37,97 ],
[96,118,98,26,54,38,61,24,46,68,119,81,34,27,115,92,105,65,102,71,92,87,109,41,31,101,92,22,29,93,119,101,119,51,104,57,117,95,105,79,22,104,41,98,105,26,86,23,90,115 ],
[70,48,26,48,66,72,98,92,57,53,115,36,20,83,95,114,54,49,27,77,41,39,56,82,43,84,67,118,32,47,30,93,40,26,27,30,64,102,110,61,53,55,22,116,86,47,98,50,93,26 ],
[36,40,92,104,80,57,43,22,81,95,42,94,109,109,92,90,50,94,47,29,90,105,108,48,85,104,99,97,73,83,83,81,51,100,67,118,56,118,27,119,107,54,42,87,89,52,118,93,99,58 ],
[44,93,86,56,110,71,44,77,82,29,45,22,99,78,28,29,69,71,70,89,40,99,111,101,100,47,107,98,25,59,34,99,76,84,75,76,116,85,37,118,94,37,114,55,32,52,76,56,87,98 ],
[36,23,96,108,57,51,20,90,76,103,36,83,64,51,52,33,56,61,43,71,105,22,37,108,59,57,83,107,56,71,98,80,94,109,69,112,112,23,48,25,86,106,86,28,50,107,69,20,60,42 ],
[75,29,92,87,49,25,31,83,71,117,78,20,72,42,110,66,99,97,44,48,67,59,106,30,24,31,103,116,116,66,40,79,58,82,41,22,109,67,62,72,28,29,107,106,64,56,78,48,90,68 ],
[23,63,100,93,78,81,113,96,89,85,68,42,78,68,103,70,97,43,33,107,58,46,97,57,57,91,20,38,116,41,111,54,22,112,109,23,23,45,31,99,22,81,91,61,82,36,84,56,108,74 ],
[79,116,103,110,41,87,94,95,76,50,73,64,92,101,112,48,94,42,37,95,71,86,71,27,39,83,87,42,42,22,24,46,42,57,57,50,31,76,37,95,55,98,20,68,29,77,68,32,95,36 ],
[93,84,38,74,53,105,55,112,54,81,78,70,93,99,55,90,56,36,57,50,54,25,69,36,56,38,84,69,67,32,93,88,41,47,50,48,39,52,72,99,70,78,60,24,69,80,93,71,114,22 ],
[119,104,68,79,23,61,108,92,80,86,86,23,103,75,108,105,44,66,51,66,112,38,49,92,119,26,105,43,69,49,119,43,34,108,50,107,105,116,29,80,104,55,105,91,84,71,96,60,66,54 ],
[63,102,85,71,34,115,51,41,55,53,33,71,38,118,31,97,25,119,97,89,96,84,110,26,104,26,32,45,86,96,78,111,98,71,91,83,90,70,114,51,77,79,77,77,115,48,55,79,68,80 ],
[67,114,117,20,114,67,66,28,82,59,32,81,56,105,35,45,118,106,111,115,31,61,28,100,30,105,67,117,64,33,108,115,74,70,23,37,96,68,75,105,109,73,68,65,91,72,100,52,45,117 ],
[119,40,91,96,68,102,61,85,92,91,29,107,22,105,66,81,73,116,100,39,115,71,25,41,103,83,87,22,74,76,39,36,61,67,45,100,60,80,78,44,61,22,38,119,42,90,78,116,53,72 ],
[35,108,76,51,83,114,22,50,62,34,88,62,54,32,109,53,108,38,64,34,29,106,24,40,90,58,49,68,37,91,73,51,74,27,44,74,75,34,88,65,48,56,24,112,37,117,65,86,60,96 ],
[47,75,98,87,106,62,100,84,76,95,56,66,73,33,52,66,111,78,31,44,40,109,92,108,118,84,22,49,54,87,44,80,74,21,111,100,109,87,96,26,110,83,39,46,118,31,72,116,68,112 ]
];
mm_=[
[   10,   10,   10,   10,   10,   10,   10,   10,   10,   10,   10,   10,   10,   10,   10,   10,   10,   10,   10,   10,   10,   10,   10,   10,   10,   10,   10,   10,   10,   10,   10,   10,   10,   10,   10,   10,   10,   10,   10,   10,   10,   10,   10,   10,   10,   10,   10,   10,   10,   10 ]
[   10,   10,   10,   10,   10,   10,   10,   10,   10,   10,   10,   10,   10,   10,   10,   10,   10,   10,   10,   10,   10,   10,   10,   10,   10,   10,   10,   10,   10,   10,   10,   10,   10,   10,   10,   10,   10,   10,   10,   10,   10,   10,   10,   10,   10,   10,   10,   10,   10,   10 ]
[   10,   10,   10,   10,   10,   10,   10,   10,   10,   10,   10,   10,   10,   10,   10,   10,   10,   10,   10,   10,   10,   10,   10,   10,   10,   10,   10,   10,   10,   10,   10,   10,   10,   10,   10,   10,   10,   10,   10,   10,   10,   10,   10,   10,   10,   10,   10,   10,   10,   10 ]
[   10,   10,   10,   10,   10,   10,   10,   10,   10,   10,   10,   10,   10,   10,   10,   10,   10,   10,   10,   10,   10,   10,   10,   10,   10,   10,   10,   10,   10,   10,   10,   10,   10,   10,   10,   10,   10,   10,   10,   10,   10,   10,   10,   10,   10,   10,   10,   10,   10,   10 ]
[   10,   10,   10,   10,   10,   10,   10,   10,   10,   10,   10,   10,   10,   10,   10,   10,   10,   10,   10,   10,   10,   10,   10,   10,   10,   10,   10,   10,   10,   10,   10,   10,   10,   10,   10,   10,   10,   10,   10,   10,   10,   10,   10,   10,   10,   10,   10,   10,   10,   10 ]
[   10,   10,   10,   10,   10,   10,   10,   10,   10,   10,   10,   10,   10,   10,   10,   10,   10,   10,   10,   10,   10,   10,   10,   10,   10,   10,   10,   10,   10,   10,   10,   10,   10,   10,   10,   10,   10,   10,   10,   10,   10,   10,   10,   10,   10,   10,   10,   10,   10,   10 ]
[   10,   10,   10,   10,   10,   10,   10,   10,   10,   10,   10,   10,   10,   10,   10,   10,   10,   10,   10,   10,   10,   10,   10,   10,   10,   10,   10,   10,   10,   10,   10,   10,   10,   10,   10,   10,   10,   10,   10,   10,   10,   10,   10,   10,   10,   10,   10,   10,   10,   10 ]
[   10,   10,   10,   10,   10,   10,   10,   10,   10,   10,   10,   10,   10,   10,   10,   10,   10,   10,   10,   10,   10,   10,   10,   10,   10,   10,   10,   10,   10,   10,   10,   10,   10,   10,   10,   10,   10,   10,   10,   10,   10,   10,   10,   10,   10,   10,   10,   10,   10,   10 ]
[   10,   10,   10,   10,   10,   10,   10,   10,   10,   10,   10,   10,   10,   10,   10,   10,   10,   10,   10,   10,   10,   10,   10,   10,   10,   10,   10,   10,   10,   10,   10,   10,   10,   10,   10,   10,   10,   10,   10,   10,   10,   10,   10,   10,   10,   10,   10,   10,   10,   10 ]
[   10,   10,   10,   10,   10,   10,   10,   10,   10,   10,   10,   10,   10,   10,   10,   10,   10,   10,   10,   10,   10,   10,   10,   10,   10,   10,   10,   10,   10,   10,   10,   10,   10,   10,   10,   10,   10,   10,   10,   10,   10,   10,   10,   10,   10,   10,   10,   10,   10,   10 ]
[   10,   10,   10,   10,   10,   10,   10,   10,   10,   10,   10,   10,   10,   10,   10,   10,   10,   10,   10,   10,   10,   10,   10,   10,   10,   10,   10,   10,   10,   10,   10,   10,   10,   10,   10,   10,   10,   10,   10,   10,   10,   10,   10,   10,   10,   10,   10,   10,   10,   10 ]
[   10,   10,   10,   10,   10,   10,   10,   10,   10,   10,   10,   10,   10,   10,   10,   10,   10,   10,   10,   10,   10,   10,   10,   10,   10,   10,   10,   10,   10,   10,   10,   10,   10,   10,   10,   10,   10,   10,   10,   10,   10,   10,   10,   10,   10,   10,   10,   10,   10,   10 ]
[   10,   10,   10,   10,   10,   10,   10,   10,   10,   10,   10,   10,   10,   10,   10,   10,   10,   10,   10,   10,   10,   10,   10,   10,   10,   10,   10,   10,   10,   10,   10,   10,   10,   10,   10,   10,   10,   10,   10,   10,   10,   10,   10,   10,   10,   10,   10,   10,   10,   10 ]
[   10,   10,   10,   10,   10,   10,   10,   10,   10,   10,   10,   10,   10,   10,   10,   10,   10,   10,   10,   10,   10,   10,   10,   10,   10,   10,   10,   10,   10,   10,   10,   10,   10,   10,   10,   10,   10,   10,   10,   10,   10,   10,   10,   10,   10,   10,   10,   10,   10,   10 ]
[   10,   10,   10,   10,   10,   10,   10,   10,   10,   10,   10,   10,   10,   10,   10,   10,   10,   10,   10,   10,   10,   10,   10,   10,   10,   10,   10,   10,   10,   10,   10,   10,   10,   10,   10,   10,   10,   10,   10,   10,   10,   10,   10,   10,   10,   10,   10,   10,   10,   10 ]
[   10,   10,   10,   10,   10,   10,   10,   10,   10,   10,   10,   10,   10,   10,   10,   10,   10,   10,   10,   10,   10,   10,   10,   10,   10,   10,   10,   10,   10,   10,   10,   10,   10,   10,   10,   10,   10,   10,   10,   10,   10,   10,   10,   10,   10,   10,   10,   10,   10,   10 ]
[   10,   10,   10,   10,   10,   10,   10,   10,   10,   10,   10,   10,   10,   10,   10,   10,   10,   10,   10,   10,   10,   10,   10,   10,   10,   10,   10,   10,   10,   10,   10,   10,   10,   10,   10,   10,   10,   10,   10,   10,   10,   10,   10,   10,   10,   10,   10,   10,   10,   10 ]
[   10,   10,   10,   10,   10,   10,   10,   10,   10,   10,   10,   10,   10,   10,   10,   10,   10,   10,   10,   10,   10,   10,   10,   10,   10,   10,   10,   10,   10,   10,   10,   10,   10,   10,   10,   10,   10,   10,   10,   10,   10,   10,   10,   10,   10,   10,   10,   10,   10,   10 ]
[   10,   10,   10,   10,   10,   10,   10,   10,   10,   10,   10,   10,   10,   10,   10,   10,   10,   10,   10,   10,   10,   10,   10,   10,   10,   10,   10,   10,   10,   10,   10,   10,   10,   10,   10,   10,   10,   10,   10,   10,   10,   10,   10,   10,   10,   10,   10,   10,   10,   10 ]
[   10,   10,   10,   10,   10,   10,   10,   10,   10,   10,   10,   10,   10,   10,   10,   10,   10,   10,   10,   10,   10,   10,   10,   10,   10,   10,   10,   10,   10,   10,   10,   10,   10,   10,   10,   10,   10,   10,   10,   10,   10,   10,   10,   10,   10,   10,   10,   10,   10,   10 ]
[   10,   10,   10,   10,   10,   10,   10,   10,   10,   10,   10,   10,   10,   10,   10,   10,   10,   10,   10,   10,   10,   10,   10,   10,   10,   10,   10,   10,   10,   10,   10,   10,   10,   10,   10,   10,   10,   10,   10,   10,   10,   10,   10,   10,   10,   10,   10,   10,   10,   10 ]
[   10,   10,   10,   10,   10,   10,   10,   10,   10,   10,   10,   10,   10,   10,   10,   10,   10,   10,   10,   10,   10,   10,   10,   10,   10,   10,   10,   10,   10,   10,   10,   10,   10,   10,   10,   10,   10,   10,   10,   10,   10,   10,   10,   10,   10,   10,   10,   10,   10,   10 ]
[   10,   10,   10,   10,   10,   10,   10,   10,   10,   10,   10,   10,   10,   10,   10,   10,   10,   10,   10,   10,   10,   10,   10,   10,   10,   10,   10,   10,   10,   10,   10,   10,   10,   10,   10,   10,   10,   10,   10,   10,   10,   10,   10,   10,   10,   10,   10,   10,   10,   10 ]
[   10,   10,   10,   10,   10,   10,   10,   10,   10,   10,   10,   10,   10,   10,   10,   10,   10,   10,   10,   10,   10,   10,   10,   10,   10,   10,   10,   10,   10,   10,   10,   10,   10,   10,   10,   10,   10,   10,   10,   10,   10,   10,   10,   10,   10,   10,   10,   10,   10,   10 ]
[   10,   10,   10,   10,   10,   10,   10,   10,   10,   10,   10,   10,   10,   10,   10,   10,   10,   10,   10,   10,   10,   10,   10,   10,   10,   10,   10,   10,   10,   10,   10,   10,   10,   10,   10,   10,   10,   10,   10,   10,   10,   10,   10,   10,   10,   10,   10,   10,   10,   10 ]
[   10,   10,   10,   10,   10,   10,   10,   10,   10,   10,   10,   10,   10,   10,   10,   10,   10,   10,   10,   10,   10,   10,   10,   10,   10,   10,   10,   10,   10,   10,   10,   10,   10,   10,   10,   10,   10,   10,   10,   10,   10,   10,   10,   10,   10,   10,   10,   10,   10,   10 ]
[   10,   10,   10,   10,   10,   10,   10,   10,   10,   10,   10,   10,   10,   10,   10,   10,   10,   10,   10,   10,   10,   10,   10,   10,   10,   10,   10,   10,   10,   10,   10,   10,   10,   10,   10,   10,   10,   10,   10,   10,   10,   10,   10,   10,   10,   10,   10,   10,   10,   10 ]
[   10,   10,   10,   10,   10,   10,   10,   10,   10,   10,   10,   10,   10,   10,   10,   10,   10,   10,   10,   10,   10,   10,   10,   10,   10,   10,   10,   10,   10,   10,   10,   10,   10,   10,   10,   10,   10,   10,   10,   10,   10,   10,   10,   10,   10,   10,   10,   10,   10,   10 ]
[   10,   10,   10,   10,   10,   10,   10,   10,   10,   10,   10,   10,   10,   10,   10,   10,   10,   10,   10,   10,   10,   10,   10,   10,   10,   10,   10,   10,   10,   10,   10,   10,   10,   10,   10,   10,   10,   10,   10,   10,   10,   10,   10,   10,   10,   10,   10,   10,   10,   10 ]
[   10,   10,   10,   10,   10,   10,   10,   10,   10,   10,   10,   10,   10,   10,   10,   10,   10,   10,   10,   10,   10,   10,   10,   10,   10,   10,   10,   10,   10,   10,   10,   10,   10,   10,   10,   10,   10,   10,   10,   10,   10,   10,   10,   10,   10,   10,   10,   10,   10,   10 ]
[   10,   10,   10,   10,   10,   10,   10,   10,   10,   10,   10,   10,   10,   10,   10,   10,   10,   10,   10,   10,   10,   10,   10,   10,   10,   10,   10,   10,   10,   10,   10,   10,   10,   10,   10,   10,   10,   10,   10,   10,   10,   10,   10,   10,   10,   10,   10,   10,   10,   10 ]
[   10,   10,   10,   10,   10,   10,   10,   10,   10,   10,   10,   10,   10,   10,   10,   10,   10,   10,   10,   10,   10,   10,   10,   10,   10,   10,   10,   10,   10,   10,   10,   10,   10,   10,   10,   10,   10,   10,   10,   10,   10,   10,   10,   10,   10,   10,   10,   10,   10,   10 ]
[   10,   10,   10,   10,   10,   10,   10,   10,   10,   10,   10,   10,   10,   10,   10,   10,   10,   10,   10,   10,   10,   10,   10,   10,   10,   10,   10,   10,   10,   10,   10,   10,   10,   10,   10,   10,   10,   10,   10,   10,   10,   10,   10,   10,   10,   10,   10,   10,   10,   10 ]
[   10,   10,   10,   10,   10,   10,   10,   10,   10,   10,   10,   10,   10,   10,   10,   10,   10,   10,   10,   10,   10,   10,   10,   10,   10,   10,   10,   10,   10,   10,   10,   10,   10,   10,   10,   10,   10,   10,   10,   10,   10,   10,   10,   10,   10,   10,   10,   10,   10,   10 ]
[   10,   10,   10,   10,   10,   10,   10,   10,   10,   10,   10,   10,   10,   10,   10,   10,   10,   10,   10,   10,   10,   10,   10,   10,   10,   10,   10,   10,   10,   10,   10,   10,   10,   10,   10,   10,   10,   10,   10,   10,   10,   10,   10,   10,   10,   10,   10,   10,   10,   10 ]
[   10,   10,   10,   10,   10,   10,   10,   10,   10,   10,   10,   10,   10,   10,   10,   10,   10,   10,   10,   10,   10,   10,   10,   10,   10,   10,   10,   10,   10,   10,   10,   10,   10,   10,   10,   10,   10,   10,   10,   10,   10,   10,   10,   10,   10,   10,   10,   10,   10,   10 ]
[   10,   10,   10,   10,   10,   10,   10,   10,   10,   10,   10,   10,   10,   10,   10,   10,   10,   10,   10,   10,   10,   10,   10,   10,   10,   10,   10,   10,   10,   10,   10,   10,   10,   10,   10,   10,   10,   10,   10,   10,   10,   10,   10,   10,   10,   10,   10,   10,   10,   10 ]
[   10,   10,   10,   10,   10,   10,   10,   10,   10,   10,   10,   10,   10,   10,   10,   10,   10,   10,   10,   10,   10,   10,   10,   10,   10,   10,   10,   10,   10,   10,   10,   10,   10,   10,   10,   10,   10,   10,   10,   10,   10,   10,   10,   10,   10,   10,   10,   10,   10,   10 ]
[   10,   10,   10,   10,   10,   10,   10,   10,   10,   10,   10,   10,   10,   10,   10,   10,   10,   10,   10,   10,   10,   10,   10,   10,   10,   10,   10,   10,   10,   10,   10,   10,   10,   10,   10,   10,   10,   10,   10,   10,   10,   10,   10,   10,   10,   10,   10,   10,   10,   10 ]
[   10,   10,   10,   10,   10,   10,   10,   10,   10,   10,   10,   10,   10,   10,   10,   10,   10,   10,   10,   10,   10,   10,   10,   10,   10,   10,   10,   10,   10,   10,   10,   10,   10,   10,   10,   10,   10,   10,   10,   10,   10,   10,   10,   10,   10,   10,   10,   10,   10,   10 ]
[   10,   10,   10,   10,   10,   10,   10,   10,   10,   10,   10,   10,   10,   10,   10,   10,   10,   10,   10,   10,   10,   10,   10,   10,   10,   10,   10,   10,   10,   10,   10,   10,   10,   10,   10,   10,   10,   10,   10,   10,   10,   10,   10,   10,   10,   10,   10,   10,   10,   10 ]
[   10,   10,   10,   10,   10,   10,   10,   10,   10,   10,   10,   10,   10,   10,   10,   10,   10,   10,   10,   10,   10,   10,   10,   10,   10,   10,   10,   10,   10,   10,   10,   10,   10,   10,   10,   10,   10,   10,   10,   10,   10,   10,   10,   10,   10,   10,   10,   10,   10,   10 ]
[   10,   10,   10,   10,   10,   10,   10,   10,   10,   10,   10,   10,   10,   10,   10,   10,   10,   10,   10,   10,   10,   10,   10,   10,   10,   10,   10,   10,   10,   10,   10,   10,   10,   10,   10,   10,   10,   10,   10,   10,   10,   10,   10,   10,   10,   10,   10,   10,   10,   10 ]
[   10,   10,   10,   10,   10,   10,   10,   10,   10,   10,   10,   10,   10,   10,   10,   10,   10,   10,   10,   10,   10,   10,   10,   10,   10,   10,   10,   10,   10,   10,   10,   10,   10,   10,   10,   10,   10,   10,   10,   10,   10,   10,   10,   10,   10,   10,   10,   10,   10,   10 ]
[   10,   10,   10,   10,   10,   10,   10,   10,   10,   10,   10,   10,   10,   10,   10,   10,   10,   10,   10,   10,   10,   10,   10,   10,   10,   10,   10,   10,   10,   10,   10,   10,   10,   10,   10,   10,   10,   10,   10,   10,   10,   10,   10,   10,   10,   10,   10,   10,   10,   10 ]
[   10,   10,   10,   10,   10,   10,   10,   10,   10,   10,   10,   10,   10,   10,   10,   10,   10,   10,   10,   10,   10,   10,   10,   10,   10,   10,   10,   10,   10,   10,   10,   10,   10,   10,   10,   10,   10,   10,   10,   10,   10,   10,   10,   10,   10,   10,   10,   10,   10,   10 ]
[   10,   10,   10,   10,   10,   10,   10,   10,   10,   10,   10,   10,   10,   10,   10,   10,   10,   10,   10,   10,   10,   10,   10,   10,   10,   10,   10,   10,   10,   10,   10,   10,   10,   10,   10,   10,   10,   10,   10,   10,   10,   10,   10,   10,   10,   10,   10,   10,   10,   10 ]
[   10,   10,   10,   10,   10,   10,   10,   10,   10,   10,   10,   10,   10,   10,   10,   10,   10,   10,   10,   10,   10,   10,   10,   10,   10,   10,   10,   10,   10,   10,   10,   10,   10,   10,   10,   10,   10,   10,   10,   10,   10,   10,   10,   10,   10,   10,   10,   10,   10,   10 ]
[   10,   10,   10,   10,   10,   10,   10,   10,   10,   10,   10,   10,   10,   10,   10,   10,   10,   10,   10,   10,   10,   10,   10,   10,   10,   10,   10,   10,   10,   10,   10,   10,   10,   10,   10,   10,   10,   10,   10,   10,   10,   10,   10,   10,   10,   10,   10,   10,   10,   10 ]
[   10,   10,   10,   10,   10,   10,   10,   10,   10,   10,   10,   10,   10,   10,   10,   10,   10,   10,   10,   10,   10,   10,   10,   10,   10,   10,   10,   10,   10,   10,   10,   10,   10,   10,   10,   10,   10,   10,   10,   10,   10,   10,   10,   10,   10,   10,   10,   10,   10,   10 ]
];
