n=  50;
m=  50;
MM=[  428,  512,  587,  515,  523,  516,  439,  448,  484,  444,  456,  413,  501,  570,  569,  434,  459,  545,  536,  537,  447,  535,  549,  485,  456,  512,  452,  563,  527,  550,  547,  458,  424,  597,  588,  572,  592,  465,  467,  497,  402,  415,  488,  481,  516,  580,  410,  541,  474,  504 ];
AA=[  433,  476,  411,  484,  498,  447,  379,  402,  465,  376,  395,  518,  360,  430,  491,  536,  533,  545,  378,  490,  535,  455,  411,  373,  549,  372,  458,  460,  381,  399,  367,  434,  404,  361,  379,  435,  351,  429,  482,  420,  454,  540,  355,  475,  530,  480,  399,  549,  407,  523 ];
a=[
[1400,700,1100,1600,1900,2700,2100,2300,1000,2300,3900,1500,900,3000,3100,4200,700,1500,3000,2400,4300,2100,1800,1800,3400,2400,3000,3100,1400,2500,4400,600,1600,1500,2700,700,4000,3800,1300,3700,2600,1600,3200,600,1400,800,2600,3900,1300,500 ],
[500,2400,3800,1300,1500,2100,2300,3600,2000,3900,1600,2300,2200,3000,900,2600,3800,2100,1500,2700,4000,2900,1500,2600,3900,3100,2200,2000,1900,4200,3200,4100,3300,1900,3300,3300,2800,2200,3300,3700,4400,2700,1100,2800,2900,1600,2500,3000,500,1600 ],
[2200,2700,4300,1800,1400,3700,1900,900,3500,3900,700,4000,2300,3100,3200,2200,3000,1000,2900,3200,1700,3800,1000,3900,3700,1600,500,1500,1000,3300,1800,4200,700,4000,500,2900,3700,2600,600,1100,2400,2400,1100,500,2000,2100,700,2200,1700,3800 ],
[2800,2600,2700,700,1400,3300,1400,3300,2800,2200,2700,2200,2000,4100,2100,3500,2700,700,3100,1200,2000,1900,4300,700,3100,1300,1200,3500,1500,1700,800,2100,3900,2300,800,2900,2200,3800,3100,3200,4000,1100,1300,3900,4200,1100,2000,3100,1200,2400 ],
[4200,900,3300,1300,3300,4300,600,4100,2600,3700,4400,2000,4300,3100,3500,4400,4400,3100,3300,3800,2000,3300,4100,2400,2100,2700,800,4000,2700,1100,2300,3100,800,3200,900,4100,1800,1800,1800,1000,4200,700,1200,1700,2500,2700,3000,3300,3100,1400 ],
[3400,1000,4100,600,1200,4200,2000,2500,1100,3200,900,1100,700,2600,500,1100,2200,2600,3200,500,1000,2500,3700,2300,700,800,700,1800,3900,1900,4200,1900,600,500,3900,2900,3600,3200,1600,1000,3600,2100,4000,3300,2600,600,4400,3800,1600,700 ],
[3100,2600,2400,1300,2400,2300,1000,4400,2300,1900,3600,3100,600,500,3600,2400,4200,700,1600,2200,700,1900,3600,1700,1900,600,2600,1500,3200,4000,500,1100,1900,1000,4200,500,1000,4100,1000,3100,1600,1500,3700,2400,2900,1000,700,2500,700,3300 ],
[3500,2600,3000,2600,1700,4100,3000,2800,3400,1800,1000,2200,3500,2200,4400,3500,2800,1500,3900,1100,800,800,3400,3700,2000,3500,2900,2800,2800,3600,1600,3000,3600,3700,3700,2300,3600,900,2300,700,3600,2300,3700,3000,2300,1500,3900,800,800,3900 ],
[3100,4400,1600,2600,2900,700,4000,2400,2200,1200,4000,4100,3500,2700,2600,3500,1400,2000,3900,900,1500,1600,2000,4200,2600,2500,3500,4000,2600,2100,2500,1700,2000,2900,1500,2900,2000,1200,3500,3400,4000,3500,1700,1300,3600,4300,2900,2100,2300,600 ],
[2300,2200,800,1800,1300,1100,2600,900,800,1900,2900,3700,2600,3300,3600,3400,3700,1600,1100,2900,2500,3100,1000,500,4100,4300,3900,4400,1100,2000,500,2700,3600,4200,2700,2400,500,2600,2200,1900,3200,2600,3900,700,1700,3300,2700,2400,700,3800 ],
[3300,4400,2700,2500,3400,3100,2400,1100,2700,2400,3800,3900,1100,2900,1700,3800,600,1200,2300,2900,1400,1300,2300,1100,1300,2900,2400,2600,1300,2300,1700,3900,2100,900,2100,3000,3000,1700,3200,3400,3000,500,3900,3000,1300,1300,3500,2900,2400,1000 ],
[1900,4400,1900,2500,1200,3400,3300,2800,1600,4400,1200,3400,1300,1500,1600,500,2700,1900,1200,2900,3800,1800,4100,3800,3900,600,1400,4100,900,1000,2400,1300,2300,1900,2700,800,1900,3000,2800,4100,1900,2400,3800,3500,2900,1800,4400,4200,2700,1300 ],
[900,800,900,2400,2400,4200,900,500,1700,3200,3000,2700,1600,2300,2500,2300,600,3300,1300,700,1100,900,4400,4300,1800,2600,3200,3100,4000,1600,4100,3300,2700,1400,1900,2900,2300,4300,1700,700,1700,4300,3900,2100,3500,1300,1800,1200,2000,1100 ],
[3700,600,4000,2300,3900,500,3700,2300,3600,1100,3900,3200,1200,2500,700,2500,1600,3700,1000,1700,3300,1500,600,2900,2700,2500,2300,4100,3300,2000,2500,700,4200,2100,2200,4300,1400,3300,1400,1900,3100,600,2700,600,4200,1600,2300,1900,1600,1100 ],
[4400,600,700,1600,1200,500,3800,4400,2500,1600,2400,800,3700,700,1000,3900,2500,1600,4000,3500,2600,2700,1200,4100,1300,1700,3400,3800,900,900,2700,2300,2700,4200,2900,2000,1900,4100,4300,1900,3400,1300,2500,2000,500,3600,3500,3900,700,3600 ],
[900,2400,2300,3900,2800,3100,3100,3700,1300,600,3200,800,700,2100,2900,2400,1300,1800,4400,2700,2600,2300,2700,3600,2900,2000,1500,3500,3900,3600,800,2800,3100,3300,3300,2300,1800,2500,2200,4200,4200,3700,1500,2700,2600,2500,4400,3900,900,2900 ],
[2400,3100,2200,1900,900,1600,3200,1800,700,2300,1900,3500,3700,2300,4000,4000,3700,500,1200,500,3300,1900,2800,1200,1700,3500,2300,600,3100,4400,1000,900,800,1900,3400,2900,800,1500,2800,2700,1900,1800,3700,3700,2600,3900,2900,600,1400,3100 ],
[900,800,1400,4200,3500,1500,3200,3900,800,1300,3800,2100,3100,2200,4200,1500,4000,4200,3800,1900,1400,2200,2100,3800,3100,3400,3400,600,1100,3400,1600,4400,2000,4000,2500,3300,1100,1300,3000,4400,2300,4300,3400,2300,2400,3200,700,2100,2300,2500 ],
[2000,2600,2700,2200,4300,1600,500,1200,500,3900,2100,1000,1400,500,2600,500,2700,4300,2200,1600,3800,1300,1800,1000,3800,900,600,2900,2100,1800,2200,3600,2000,4000,2400,800,700,4300,3800,3000,800,4100,3400,600,1300,1300,2100,1600,900,1100 ],
[1500,3700,1500,2800,1600,1800,3100,700,1000,2400,3600,4300,4400,2600,900,3400,4300,4400,1300,1200,3500,1900,3900,2600,500,3400,1200,2700,500,4100,2600,4200,2000,1300,2000,900,2900,600,4200,3500,1300,1000,4000,3500,2500,3900,2500,2700,4200,4000 ],
[1600,1000,1600,2600,2000,3300,3100,1000,900,2100,3200,2300,3700,1200,2500,4300,4400,3200,2100,2700,2500,1500,1200,700,1700,2600,3600,1300,1000,1000,2200,2600,2500,500,2900,900,3600,1100,2800,3400,3300,2900,700,3400,2900,4300,2000,3000,1600,1500 ],
[2600,500,1900,2100,2400,1500,2800,3100,3400,1900,1300,1900,2000,3600,2700,4000,3300,3800,2000,1600,1500,2900,3500,2400,4300,4100,1300,2700,3400,3900,4000,3000,2800,1800,2900,3200,600,1800,700,4000,3000,2000,2700,1900,3900,2800,2300,3900,1800,1900 ],
[3100,1300,2800,1800,3500,3500,2500,2600,2400,2300,1900,1900,3400,3000,4300,1800,2700,1900,1700,2300,4400,2200,4400,3300,3300,2400,3900,4200,3100,4400,500,900,1100,3500,800,1300,1200,3100,1000,2200,600,1800,600,4300,1500,500,3600,2800,2800,1700 ],
[1600,2100,2700,4400,2700,900,3500,1400,2200,4100,4400,1200,500,1900,3000,2100,3200,4400,2200,3800,2300,3500,800,700,2600,2600,1200,2300,4400,2500,1500,1100,2300,2500,3700,3200,2100,3000,2500,1900,3000,3300,2900,2300,2000,1300,4200,2300,4200,600 ],
[3400,1900,2200,500,2100,3400,3400,500,3300,3100,1500,2200,1400,1500,3700,3100,3300,900,3800,3400,1900,3800,2600,2600,1100,3100,4200,2900,900,3600,3800,1700,1300,3800,1400,500,2700,3100,2100,2300,1800,1300,500,2000,2000,3000,4100,2000,700,1700 ],
[2100,800,1900,3400,1400,3500,3000,2900,1300,1500,1500,500,4100,1900,4000,1600,1700,4100,2900,1700,2200,4300,600,3200,2300,1700,3100,4400,3500,3300,2800,3500,4300,3700,1200,2300,3800,3500,2200,1000,2900,3700,3300,2500,1300,1700,3300,1100,2100,1200 ],
[1900,2100,3100,3400,900,2900,2800,4300,1200,3600,4200,1700,4100,2200,2900,1500,1300,2700,2300,500,1600,4400,1300,2900,4100,1700,1700,3600,2300,1900,2400,3100,1200,3700,4400,600,1700,2200,1000,4100,1300,1100,2400,2100,2600,3200,3300,1100,2100,3400 ],
[1400,800,1900,3700,4000,4300,2000,1000,1500,900,3800,1700,3600,2200,1100,3200,1600,1200,3400,2900,2900,2700,900,4300,500,3700,4000,2100,4100,2800,1900,500,1700,2900,1500,1800,1500,3900,3900,2200,3100,900,2300,3600,4000,4400,4300,1600,2400,3100 ],
[3900,2500,1600,1000,2200,3300,2900,4100,1200,4000,800,4000,1900,2400,4000,1700,4000,900,3500,1500,1400,1900,3000,1200,3700,900,2400,900,4000,1000,2400,4200,2900,2300,1200,3200,3900,3100,4100,3000,3200,4000,2200,3500,1500,2700,800,4300,2900,3300 ],
[2600,4000,2200,3500,3700,1900,1400,500,3200,4100,4200,4300,1500,2800,1400,3500,1000,1000,1200,3600,500,2600,2000,3000,1900,1600,3000,3500,1200,2200,900,3000,2700,1400,3100,1200,1700,1200,4400,3100,3700,3900,3400,3200,3400,1600,2300,3000,3100,1100 ],
[2000,3400,2900,3500,1600,3500,2800,3500,3100,4100,1800,3200,2700,2000,2400,3400,1100,4000,3700,3900,1500,3200,2100,3400,2400,2000,4000,3500,1600,1500,1100,1800,2700,3900,3800,4300,1300,2100,700,4100,1100,4200,3600,3500,2200,1900,3700,2800,1800,3800 ],
[2300,800,700,1400,1800,2800,900,2200,3400,3800,1300,3700,3100,600,4100,1300,1900,2200,4100,1000,500,3500,2800,600,3600,3300,3100,4100,3500,3700,3500,3200,4300,1100,1900,3700,3300,4100,900,1800,1500,2000,700,1900,800,2100,3900,2700,2100,500 ],
[600,4300,4100,3000,500,2700,2900,3600,2400,2100,1800,1600,1000,3700,2600,500,4300,2200,4000,2200,3200,3600,2400,2200,800,4400,600,2700,4100,2000,3200,1100,700,2000,2700,1400,1300,900,2600,1200,2900,800,1600,3300,1600,1600,3900,800,2700,2600 ],
[2600,1400,3100,3600,2200,4300,4000,3200,4100,1600,3300,3800,2100,3800,2200,1700,4400,2500,2700,2300,3700,1700,1000,1200,1100,2800,1300,3900,1200,2200,3600,600,2700,3400,2200,2100,1200,1100,2400,2100,3900,1700,700,3700,1800,3100,2200,1000,2200,3800 ],
[800,2900,3700,2500,2300,4000,1400,1600,600,500,1500,3200,1100,1700,900,3300,1000,600,3500,1200,1700,700,3900,1000,4100,3900,3200,3700,1500,3300,2400,3900,2200,3500,3700,1800,2500,1900,2800,4300,4400,4200,2000,600,500,1000,3100,1200,2400,1200 ],
[1600,1800,1100,2500,2700,800,1900,1600,1500,4400,500,1600,4300,2700,4100,1500,1100,1800,2300,3100,600,3000,2400,2500,1600,1600,3100,3700,4000,2800,3900,2900,3800,500,1200,2800,2100,1800,2800,700,1900,2500,3000,3000,4300,1400,2400,3400,1300,1200 ],
[4400,3800,1100,1000,700,1700,1600,3500,1600,700,3600,3000,1600,1400,2600,2900,500,600,3200,4000,4400,3900,3500,1700,600,4300,3800,2700,3300,4400,1900,2800,900,4100,1800,900,2200,2900,1300,2100,4100,500,2700,2000,2100,1500,2500,3100,2700,2800 ],
[1800,2800,600,800,3600,3900,4100,4000,1200,2500,3800,500,4300,1800,1400,3600,3200,700,2000,2200,1900,3400,2500,1800,3400,1300,2600,4400,4000,3500,1400,4200,900,700,2100,3800,1700,1200,4300,2500,4100,1800,3300,500,2200,1900,1200,2100,800,1800 ],
[4000,2300,2800,4000,4100,800,800,3900,2800,500,3800,2800,3500,3300,2700,3600,3900,4000,3000,4200,3200,2100,1100,3300,3900,2000,1300,2800,900,2900,1200,600,700,800,1500,2300,3800,3700,2900,1800,1000,700,2700,4000,1600,2300,4300,800,1800,3500 ],
[3100,1700,2500,2900,1800,2600,2100,3500,3300,800,3100,1300,2100,1000,1000,2100,1500,3500,4200,2300,3000,600,2100,1000,1300,2500,1900,3500,1900,900,4000,3000,3400,1000,3600,2500,1000,1100,1000,4300,1900,4300,3500,4400,4300,2300,2400,1400,4300,2800 ],
[3300,2500,3400,3000,1500,1900,500,1900,3900,700,2800,3700,3400,2200,3700,3300,3200,800,2500,1100,2600,4400,3100,2200,3600,2900,3600,3000,3200,700,1500,1800,2600,3900,3300,1100,1300,1000,1300,2100,1100,3800,1300,4400,1300,3500,1500,700,1800,3200 ],
[3100,2300,2800,700,700,3400,2600,3600,2800,900,1900,900,2900,600,3500,3700,3100,4300,1900,600,4400,3400,4100,2300,2800,1500,3700,4100,500,3000,3200,900,700,1900,700,2900,800,1600,900,900,3900,1200,1700,1600,4200,1200,2600,1200,4400,3500 ],
[2600,3700,3000,2400,1400,1700,3800,700,1100,4100,2600,2800,3100,3000,2300,2200,1700,1500,1300,2300,800,1200,3800,4300,2600,1300,3100,4400,4200,1400,1500,2500,900,2300,2200,3900,2900,3000,3800,3300,500,2400,3600,2700,500,500,3900,2900,1600,3900 ],
[500,3600,2000,2500,2600,2000,700,1200,3700,1000,4200,3000,2100,2700,1200,1100,3000,1300,4200,3500,1300,1500,1700,700,1300,3800,2100,2100,2700,1000,3000,2100,4400,3900,1700,2900,3400,1400,1100,1500,3700,4100,1900,2800,2800,2900,2200,1600,2700,3800 ],
[2200,3700,2100,3300,800,3300,3800,1500,1900,2300,900,2800,3100,1100,3300,1800,2800,3900,500,900,1200,1000,3300,1300,500,3200,1200,2900,1300,2200,2600,1500,3600,600,2900,3500,2500,1800,1100,1200,2000,1500,1500,4000,1400,2800,3600,4400,1700,3200 ],
[3000,2200,3000,1500,4400,2300,2400,4300,4300,4100,2500,2100,3900,500,600,2300,3300,700,4300,2000,1200,3200,3400,1800,1000,1500,4200,1500,3500,2900,4400,2100,3200,2200,1200,3500,3300,3300,1800,4400,3600,1100,4200,1200,4100,3100,3000,1300,2300,4400 ],
[3900,1100,2400,1500,3200,3200,600,1500,4200,800,1500,1000,2400,1900,500,1400,3000,2200,2000,2800,4300,3100,4300,1700,3500,4300,600,4200,2000,1700,1700,3600,3800,2700,800,900,1900,3400,2800,3700,800,800,4000,2500,800,3400,1400,3400,4000,4000 ],
[800,1400,3100,2400,4100,3300,4000,1100,3000,2800,2600,3200,2600,2700,3100,1500,2800,4100,3300,2100,3100,900,3900,2600,1700,3700,2300,3500,3400,3200,600,1700,2100,2200,3200,1500,2100,4300,4000,1900,700,2300,3200,1700,900,1300,1300,2700,600,500 ],
[3100,700,2000,3300,2000,3900,1000,1100,3100,2800,2900,2900,1500,3000,2200,2700,800,2000,2400,600,4000,2000,3500,2400,3800,500,3700,2200,2500,2500,800,1600,500,2400,1100,2400,2000,3400,800,3600,1000,1700,3600,4200,4300,2700,3600,2400,3800,2800 ],
[2100,1300,3600,1400,1100,3200,1900,3200,1100,3800,3500,4000,3600,1100,2200,4200,3100,3000,1600,600,3700,4300,3300,500,4200,4100,2900,2000,2700,3400,3700,900,3400,900,4400,1000,3100,1000,700,700,2400,3600,1500,900,3800,3300,2400,1000,3600,3200 ]
];
c=[
[33,99,21,29,81,88,70,74,106,41,63,59,101,86,46,91,84,69,96,116,31,112,106,68,67,54,53,74,81,43,97,73,77,49,61,80,66,49,87,93,66,95,73,29,65,57,29,45,68,112 ],
[112,63,27,112,30,119,117,66,117,104,38,106,26,54,114,21,93,22,48,96,61,39,54,69,73,29,49,104,75,55,111,45,83,105,108,93,101,38,73,22,112,59,63,28,59,82,40,82,93,115 ],
[67,116,66,65,76,78,83,38,96,30,47,114,114,71,58,82,111,113,55,96,20,47,108,73,68,62,95,43,115,119,35,28,100,91,51,107,52,109,73,97,39,87,32,47,45,112,91,41,107,29 ],
[107,44,60,39,25,41,56,105,59,54,63,41,99,37,66,100,43,85,115,119,64,101,98,69,43,113,35,112,34,36,110,90,44,118,111,64,37,111,118,101,106,64,72,75,64,26,22,115,45,101 ],
[113,35,30,106,86,117,22,104,79,35,43,32,72,42,33,38,101,61,67,94,34,39,113,58,94,72,109,86,64,105,36,40,109,55,97,24,100,117,36,44,37,63,74,97,82,27,118,103,75,36 ],
[92,55,73,50,86,50,46,99,118,118,29,34,73,70,78,46,40,25,31,101,80,91,31,102,85,112,72,80,118,100,90,67,38,118,93,115,58,89,109,45,74,27,89,60,87,40,111,46,88,37 ],
[56,44,73,34,50,75,36,61,109,33,27,93,20,104,86,66,42,58,87,57,25,22,64,31,58,38,89,85,112,64,20,46,42,70,62,96,45,27,89,40,102,113,20,34,49,64,64,38,57,49 ],
[58,68,105,57,74,51,89,117,63,21,99,79,68,96,45,44,22,33,31,24,106,50,97,43,44,55,79,36,55,32,62,101,84,68,20,103,92,118,73,43,72,46,104,39,114,88,109,80,52,33 ],
[87,51,52,100,81,41,26,70,24,80,93,103,72,76,103,39,107,28,110,72,41,55,55,42,73,64,93,82,69,36,80,117,58,114,92,109,78,118,68,79,112,25,63,64,92,79,80,91,67,25 ],
[118,58,62,90,28,74,68,45,91,94,49,114,57,40,52,38,95,101,53,84,47,62,85,71,101,87,112,60,107,71,65,104,111,30,46,78,82,89,63,40,45,100,60,64,65,88,39,70,30,111 ],
[110,41,21,83,101,88,96,101,116,117,101,57,29,96,83,52,39,46,85,118,46,80,44,33,103,78,110,81,56,76,66,77,89,89,119,88,30,117,88,91,75,90,108,61,52,54,30,92,28,114 ],
[84,73,119,65,29,83,69,96,25,71,102,44,77,50,74,23,52,108,56,68,68,102,46,65,99,25,91,50,51,28,40,100,99,51,100,68,92,97,37,103,69,44,42,81,36,87,83,30,103,54 ],
[78,23,78,38,81,76,71,27,67,75,45,46,40,116,29,30,20,28,77,84,76,28,29,117,104,114,119,50,77,97,34,21,109,32,114,57,117,100,49,75,65,43,114,39,30,69,49,71,22,57 ],
[80,106,43,46,116,43,79,91,102,114,53,103,83,88,75,118,22,77,80,58,84,114,35,87,60,108,56,63,110,119,67,38,46,85,84,78,71,104,24,81,64,57,51,24,66,115,119,72,99,76 ],
[87,20,54,117,89,61,87,62,97,95,40,100,26,22,74,101,36,89,59,116,59,72,86,67,45,31,72,44,94,58,95,85,43,98,62,92,104,37,101,119,77,58,43,26,87,33,115,92,23,90 ],
[73,31,69,72,48,41,53,89,70,104,70,107,109,96,43,52,39,81,23,110,110,101,54,42,101,88,51,62,69,52,59,37,31,28,101,112,34,81,28,60,105,103,29,22,95,59,69,84,43,57 ],
[49,94,22,42,29,30,70,62,33,73,91,35,47,33,80,24,68,40,28,99,65,100,96,32,70,77,57,81,94,45,57,26,54,23,49,82,39,101,86,106,63,99,84,52,78,23,90,66,46,25 ],
[118,113,96,63,42,67,102,116,49,25,79,29,91,27,70,53,102,69,62,31,59,61,83,44,106,71,33,101,61,36,77,59,90,52,93,94,117,65,52,52,80,116,75,75,83,33,94,59,94,59 ],
[115,90,76,52,51,83,63,118,83,103,117,45,64,52,35,49,69,36,71,66,59,70,106,33,22,70,95,48,89,37,42,115,53,42,102,85,38,59,115,79,87,113,112,41,76,34,43,47,71,28 ],
[31,94,76,24,40,114,47,43,119,110,80,102,62,108,71,48,75,50,29,87,73,95,92,59,22,102,46,56,107,97,90,103,101,54,70,38,41,55,69,71,70,90,56,90,72,119,102,64,115,119 ],
[25,52,100,66,36,114,53,41,71,90,21,56,55,89,61,36,24,109,25,111,95,73,92,90,72,58,92,34,119,41,113,48,39,110,109,51,45,97,36,102,111,27,81,91,31,109,68,111,32,101 ],
[55,93,20,118,54,47,46,83,44,47,34,26,40,73,98,86,66,63,34,72,30,63,91,79,84,74,26,85,55,34,105,51,47,70,28,116,53,29,59,61,50,62,98,61,44,118,44,77,89,78 ],
[109,49,118,33,101,79,28,89,84,29,33,41,66,64,70,71,95,26,112,39,57,111,36,89,101,82,46,83,32,47,46,25,61,81,112,56,94,79,115,24,91,51,88,53,53,116,44,78,82,48 ],
[79,110,51,70,27,47,71,23,47,58,33,34,57,95,75,71,50,108,85,52,46,76,70,57,83,73,117,56,39,37,42,31,31,111,114,96,51,61,77,110,23,110,31,45,95,33,20,61,95,98 ],
[57,91,24,50,84,48,57,86,26,98,78,47,117,67,71,40,84,67,38,65,27,68,28,91,23,57,82,45,59,44,39,67,55,109,55,60,33,118,27,60,58,32,35,67,35,96,27,32,65,82 ],
[118,101,65,114,90,38,21,118,94,93,40,55,99,89,88,41,45,26,59,59,86,48,107,114,37,114,117,101,55,52,22,60,23,119,77,62,116,66,52,45,57,97,103,76,119,72,29,41,103,76 ],
[42,57,102,83,83,73,59,61,71,110,37,99,85,40,89,76,88,21,87,78,56,26,50,36,75,33,70,55,116,83,38,47,101,94,23,83,106,107,32,40,93,98,83,103,49,83,49,37,61,96 ],
[65,56,86,119,101,44,73,98,47,112,51,61,61,82,92,48,69,46,113,84,36,42,72,85,27,30,73,67,42,75,99,86,83,66,111,55,93,117,103,88,76,48,98,92,86,34,114,89,41,56 ],
[55,43,102,113,81,35,32,75,79,93,106,71,42,87,55,57,114,31,57,104,60,66,107,101,87,110,27,62,102,86,113,77,95,94,114,60,85,59,85,70,53,82,81,114,72,87,69,61,90,117 ],
[80,116,29,40,115,43,112,70,99,34,32,102,39,59,113,115,108,45,39,111,102,76,46,74,108,100,108,74,91,93,50,52,95,20,81,63,104,78,31,50,21,25,117,95,46,31,100,58,70,90 ],
[84,94,25,89,74,31,33,33,109,27,63,50,119,48,91,41,80,32,105,42,65,45,112,119,111,119,40,109,64,42,39,73,53,52,21,37,114,34,98,25,72,24,103,113,35,83,107,61,77,93 ],
[74,106,100,72,92,106,106,22,102,87,24,57,103,31,66,79,85,82,110,85,51,97,35,35,106,44,51,109,34,21,112,34,93,71,87,68,83,84,33,48,92,47,116,64,106,58,33,109,39,117 ],
[69,106,40,75,72,27,44,88,34,46,113,20,115,90,72,73,38,90,110,62,63,38,44,50,87,95,38,108,53,26,31,69,61,39,114,95,100,64,65,76,64,86,39,113,103,40,47,80,33,116 ],
[97,52,105,25,69,41,102,50,46,89,115,56,34,97,22,48,24,101,72,101,94,118,35,91,56,115,84,110,82,93,112,44,72,77,108,41,56,48,36,102,25,69,94,73,51,94,50,115,24,44 ],
[81,92,33,108,58,91,62,97,56,69,65,46,83,91,63,68,60,110,69,82,81,93,23,76,57,94,107,85,109,43,67,83,59,85,59,24,55,90,105,89,103,33,112,105,116,97,101,61,86,53 ],
[49,36,42,34,39,91,60,82,58,28,27,57,110,84,78,23,27,26,62,60,85,79,100,64,65,70,44,20,116,104,53,87,115,86,37,109,24,57,46,47,84,113,94,100,109,21,48,45,68,56 ],
[32,44,54,111,112,67,93,72,67,39,42,48,65,22,61,92,100,71,80,72,49,43,92,65,65,36,24,78,117,85,89,39,28,55,114,89,90,95,93,78,46,55,114,56,67,65,57,96,78,42 ],
[61,94,91,68,116,39,61,50,115,45,75,72,74,85,31,75,20,74,77,44,85,83,107,85,68,96,41,118,50,22,32,116,73,37,84,66,117,25,65,48,45,119,49,32,85,84,33,60,79,84 ],
[104,56,119,20,43,71,42,46,109,80,66,78,38,58,72,74,28,29,81,44,23,53,76,106,104,83,59,110,42,33,48,96,90,119,70,52,106,74,76,89,32,41,104,54,84,101,67,35,112,91 ],
[22,52,49,113,75,20,48,42,109,20,80,88,37,44,46,66,39,74,116,73,110,20,111,90,42,23,74,50,118,108,116,33,79,37,117,92,108,82,24,119,26,53,81,91,107,20,68,75,54,117 ],
[55,69,87,37,83,111,32,42,26,80,37,41,106,80,20,118,67,77,43,22,116,119,76,33,95,75,70,74,44,69,72,40,71,85,51,49,29,82,107,49,71,36,88,35,40,104,37,49,104,75 ],
[51,76,48,44,104,64,85,47,90,115,50,117,72,41,73,61,48,72,64,76,72,66,55,34,84,54,64,21,51,116,94,111,102,90,79,91,30,34,30,82,82,107,52,33,64,45,37,60,24,30 ],
[46,63,111,98,37,58,93,116,112,93,107,38,70,34,70,116,113,50,50,114,21,26,115,74,105,78,81,113,102,64,30,55,69,108,83,30,92,66,32,99,107,26,79,66,28,110,29,114,88,111 ],
[37,57,64,95,106,97,50,54,85,38,71,76,115,85,68,70,26,35,106,84,71,37,64,74,65,86,28,28,56,53,83,54,42,101,78,76,27,115,22,113,63,47,111,118,31,68,117,104,52,63 ],
[82,108,31,25,84,34,92,114,94,95,28,109,117,57,90,64,98,26,98,25,41,50,30,97,53,33,32,59,28,61,50,52,35,106,85,112,59,49,112,100,113,40,25,66,46,95,84,49,71,71 ],
[93,82,119,106,27,81,92,85,73,21,53,87,88,20,97,114,57,107,67,107,105,28,40,112,27,116,67,35,104,40,60,110,38,98,54,65,20,23,87,59,110,24,83,22,108,67,109,41,22,76 ],
[80,42,76,113,88,79,117,58,116,40,107,106,40,110,109,42,36,61,104,80,63,57,102,47,47,103,30,79,32,64,108,44,54,32,56,104,40,30,78,100,65,70,24,96,101,110,33,45,43,69 ],
[99,41,105,105,108,76,114,62,48,21,37,32,94,92,38,103,106,83,40,76,97,56,30,80,65,44,48,117,92,90,41,111,53,30,67,47,90,106,92,25,36,44,109,64,111,61,67,24,110,62 ],
[95,46,60,50,61,118,115,66,99,110,115,22,86,54,39,103,62,48,110,37,28,115,42,81,50,47,39,48,67,109,81,90,79,91,57,112,51,30,37,61,87,39,85,43,23,111,56,47,71,94 ],
[33,81,108,50,93,46,74,42,114,108,53,119,56,46,27,80,76,82,31,56,70,111,57,23,38,111,87,41,33,84,38,91,25,54,57,42,89,38,109,78,119,54,29,59,100,44,42,106,111,105 ]
];
mm_=[
[   10,   10,   10,   10,   10,   10,   10,   10,   10,   10,   10,   10,   10,   10,   10,   10,   10,   10,   10,   10,   10,   10,   10,   10,   10,   10,   10,   10,   10,   10,   10,   10,   10,   10,   10,   10,   10,   10,   10,   10,   10,   10,   10,   10,   10,   10,   10,   10,   10,   10 ]
[   10,   10,   10,   10,   10,   10,   10,   10,   10,   10,   10,   10,   10,   10,   10,   10,   10,   10,   10,   10,   10,   10,   10,   10,   10,   10,   10,   10,   10,   10,   10,   10,   10,   10,   10,   10,   10,   10,   10,   10,   10,   10,   10,   10,   10,   10,   10,   10,   10,   10 ]
[   10,   10,   10,   10,   10,   10,   10,   10,   10,   10,   10,   10,   10,   10,   10,   10,   10,   10,   10,   10,   10,   10,   10,   10,   10,   10,   10,   10,   10,   10,   10,   10,   10,   10,   10,   10,   10,   10,   10,   10,   10,   10,   10,   10,   10,   10,   10,   10,   10,   10 ]
[   10,   10,   10,   10,   10,   10,   10,   10,   10,   10,   10,   10,   10,   10,   10,   10,   10,   10,   10,   10,   10,   10,   10,   10,   10,   10,   10,   10,   10,   10,   10,   10,   10,   10,   10,   10,   10,   10,   10,   10,   10,   10,   10,   10,   10,   10,   10,   10,   10,   10 ]
[   10,   10,   10,   10,   10,   10,   10,   10,   10,   10,   10,   10,   10,   10,   10,   10,   10,   10,   10,   10,   10,   10,   10,   10,   10,   10,   10,   10,   10,   10,   10,   10,   10,   10,   10,   10,   10,   10,   10,   10,   10,   10,   10,   10,   10,   10,   10,   10,   10,   10 ]
[   10,   10,   10,   10,   10,   10,   10,   10,   10,   10,   10,   10,   10,   10,   10,   10,   10,   10,   10,   10,   10,   10,   10,   10,   10,   10,   10,   10,   10,   10,   10,   10,   10,   10,   10,   10,   10,   10,   10,   10,   10,   10,   10,   10,   10,   10,   10,   10,   10,   10 ]
[   10,   10,   10,   10,   10,   10,   10,   10,   10,   10,   10,   10,   10,   10,   10,   10,   10,   10,   10,   10,   10,   10,   10,   10,   10,   10,   10,   10,   10,   10,   10,   10,   10,   10,   10,   10,   10,   10,   10,   10,   10,   10,   10,   10,   10,   10,   10,   10,   10,   10 ]
[   10,   10,   10,   10,   10,   10,   10,   10,   10,   10,   10,   10,   10,   10,   10,   10,   10,   10,   10,   10,   10,   10,   10,   10,   10,   10,   10,   10,   10,   10,   10,   10,   10,   10,   10,   10,   10,   10,   10,   10,   10,   10,   10,   10,   10,   10,   10,   10,   10,   10 ]
[   10,   10,   10,   10,   10,   10,   10,   10,   10,   10,   10,   10,   10,   10,   10,   10,   10,   10,   10,   10,   10,   10,   10,   10,   10,   10,   10,   10,   10,   10,   10,   10,   10,   10,   10,   10,   10,   10,   10,   10,   10,   10,   10,   10,   10,   10,   10,   10,   10,   10 ]
[   10,   10,   10,   10,   10,   10,   10,   10,   10,   10,   10,   10,   10,   10,   10,   10,   10,   10,   10,   10,   10,   10,   10,   10,   10,   10,   10,   10,   10,   10,   10,   10,   10,   10,   10,   10,   10,   10,   10,   10,   10,   10,   10,   10,   10,   10,   10,   10,   10,   10 ]
[   10,   10,   10,   10,   10,   10,   10,   10,   10,   10,   10,   10,   10,   10,   10,   10,   10,   10,   10,   10,   10,   10,   10,   10,   10,   10,   10,   10,   10,   10,   10,   10,   10,   10,   10,   10,   10,   10,   10,   10,   10,   10,   10,   10,   10,   10,   10,   10,   10,   10 ]
[   10,   10,   10,   10,   10,   10,   10,   10,   10,   10,   10,   10,   10,   10,   10,   10,   10,   10,   10,   10,   10,   10,   10,   10,   10,   10,   10,   10,   10,   10,   10,   10,   10,   10,   10,   10,   10,   10,   10,   10,   10,   10,   10,   10,   10,   10,   10,   10,   10,   10 ]
[   10,   10,   10,   10,   10,   10,   10,   10,   10,   10,   10,   10,   10,   10,   10,   10,   10,   10,   10,   10,   10,   10,   10,   10,   10,   10,   10,   10,   10,   10,   10,   10,   10,   10,   10,   10,   10,   10,   10,   10,   10,   10,   10,   10,   10,   10,   10,   10,   10,   10 ]
[   10,   10,   10,   10,   10,   10,   10,   10,   10,   10,   10,   10,   10,   10,   10,   10,   10,   10,   10,   10,   10,   10,   10,   10,   10,   10,   10,   10,   10,   10,   10,   10,   10,   10,   10,   10,   10,   10,   10,   10,   10,   10,   10,   10,   10,   10,   10,   10,   10,   10 ]
[   10,   10,   10,   10,   10,   10,   10,   10,   10,   10,   10,   10,   10,   10,   10,   10,   10,   10,   10,   10,   10,   10,   10,   10,   10,   10,   10,   10,   10,   10,   10,   10,   10,   10,   10,   10,   10,   10,   10,   10,   10,   10,   10,   10,   10,   10,   10,   10,   10,   10 ]
[   10,   10,   10,   10,   10,   10,   10,   10,   10,   10,   10,   10,   10,   10,   10,   10,   10,   10,   10,   10,   10,   10,   10,   10,   10,   10,   10,   10,   10,   10,   10,   10,   10,   10,   10,   10,   10,   10,   10,   10,   10,   10,   10,   10,   10,   10,   10,   10,   10,   10 ]
[   10,   10,   10,   10,   10,   10,   10,   10,   10,   10,   10,   10,   10,   10,   10,   10,   10,   10,   10,   10,   10,   10,   10,   10,   10,   10,   10,   10,   10,   10,   10,   10,   10,   10,   10,   10,   10,   10,   10,   10,   10,   10,   10,   10,   10,   10,   10,   10,   10,   10 ]
[   10,   10,   10,   10,   10,   10,   10,   10,   10,   10,   10,   10,   10,   10,   10,   10,   10,   10,   10,   10,   10,   10,   10,   10,   10,   10,   10,   10,   10,   10,   10,   10,   10,   10,   10,   10,   10,   10,   10,   10,   10,   10,   10,   10,   10,   10,   10,   10,   10,   10 ]
[   10,   10,   10,   10,   10,   10,   10,   10,   10,   10,   10,   10,   10,   10,   10,   10,   10,   10,   10,   10,   10,   10,   10,   10,   10,   10,   10,   10,   10,   10,   10,   10,   10,   10,   10,   10,   10,   10,   10,   10,   10,   10,   10,   10,   10,   10,   10,   10,   10,   10 ]
[   10,   10,   10,   10,   10,   10,   10,   10,   10,   10,   10,   10,   10,   10,   10,   10,   10,   10,   10,   10,   10,   10,   10,   10,   10,   10,   10,   10,   10,   10,   10,   10,   10,   10,   10,   10,   10,   10,   10,   10,   10,   10,   10,   10,   10,   10,   10,   10,   10,   10 ]
[   10,   10,   10,   10,   10,   10,   10,   10,   10,   10,   10,   10,   10,   10,   10,   10,   10,   10,   10,   10,   10,   10,   10,   10,   10,   10,   10,   10,   10,   10,   10,   10,   10,   10,   10,   10,   10,   10,   10,   10,   10,   10,   10,   10,   10,   10,   10,   10,   10,   10 ]
[   10,   10,   10,   10,   10,   10,   10,   10,   10,   10,   10,   10,   10,   10,   10,   10,   10,   10,   10,   10,   10,   10,   10,   10,   10,   10,   10,   10,   10,   10,   10,   10,   10,   10,   10,   10,   10,   10,   10,   10,   10,   10,   10,   10,   10,   10,   10,   10,   10,   10 ]
[   10,   10,   10,   10,   10,   10,   10,   10,   10,   10,   10,   10,   10,   10,   10,   10,   10,   10,   10,   10,   10,   10,   10,   10,   10,   10,   10,   10,   10,   10,   10,   10,   10,   10,   10,   10,   10,   10,   10,   10,   10,   10,   10,   10,   10,   10,   10,   10,   10,   10 ]
[   10,   10,   10,   10,   10,   10,   10,   10,   10,   10,   10,   10,   10,   10,   10,   10,   10,   10,   10,   10,   10,   10,   10,   10,   10,   10,   10,   10,   10,   10,   10,   10,   10,   10,   10,   10,   10,   10,   10,   10,   10,   10,   10,   10,   10,   10,   10,   10,   10,   10 ]
[   10,   10,   10,   10,   10,   10,   10,   10,   10,   10,   10,   10,   10,   10,   10,   10,   10,   10,   10,   10,   10,   10,   10,   10,   10,   10,   10,   10,   10,   10,   10,   10,   10,   10,   10,   10,   10,   10,   10,   10,   10,   10,   10,   10,   10,   10,   10,   10,   10,   10 ]
[   10,   10,   10,   10,   10,   10,   10,   10,   10,   10,   10,   10,   10,   10,   10,   10,   10,   10,   10,   10,   10,   10,   10,   10,   10,   10,   10,   10,   10,   10,   10,   10,   10,   10,   10,   10,   10,   10,   10,   10,   10,   10,   10,   10,   10,   10,   10,   10,   10,   10 ]
[   10,   10,   10,   10,   10,   10,   10,   10,   10,   10,   10,   10,   10,   10,   10,   10,   10,   10,   10,   10,   10,   10,   10,   10,   10,   10,   10,   10,   10,   10,   10,   10,   10,   10,   10,   10,   10,   10,   10,   10,   10,   10,   10,   10,   10,   10,   10,   10,   10,   10 ]
[   10,   10,   10,   10,   10,   10,   10,   10,   10,   10,   10,   10,   10,   10,   10,   10,   10,   10,   10,   10,   10,   10,   10,   10,   10,   10,   10,   10,   10,   10,   10,   10,   10,   10,   10,   10,   10,   10,   10,   10,   10,   10,   10,   10,   10,   10,   10,   10,   10,   10 ]
[   10,   10,   10,   10,   10,   10,   10,   10,   10,   10,   10,   10,   10,   10,   10,   10,   10,   10,   10,   10,   10,   10,   10,   10,   10,   10,   10,   10,   10,   10,   10,   10,   10,   10,   10,   10,   10,   10,   10,   10,   10,   10,   10,   10,   10,   10,   10,   10,   10,   10 ]
[   10,   10,   10,   10,   10,   10,   10,   10,   10,   10,   10,   10,   10,   10,   10,   10,   10,   10,   10,   10,   10,   10,   10,   10,   10,   10,   10,   10,   10,   10,   10,   10,   10,   10,   10,   10,   10,   10,   10,   10,   10,   10,   10,   10,   10,   10,   10,   10,   10,   10 ]
[   10,   10,   10,   10,   10,   10,   10,   10,   10,   10,   10,   10,   10,   10,   10,   10,   10,   10,   10,   10,   10,   10,   10,   10,   10,   10,   10,   10,   10,   10,   10,   10,   10,   10,   10,   10,   10,   10,   10,   10,   10,   10,   10,   10,   10,   10,   10,   10,   10,   10 ]
[   10,   10,   10,   10,   10,   10,   10,   10,   10,   10,   10,   10,   10,   10,   10,   10,   10,   10,   10,   10,   10,   10,   10,   10,   10,   10,   10,   10,   10,   10,   10,   10,   10,   10,   10,   10,   10,   10,   10,   10,   10,   10,   10,   10,   10,   10,   10,   10,   10,   10 ]
[   10,   10,   10,   10,   10,   10,   10,   10,   10,   10,   10,   10,   10,   10,   10,   10,   10,   10,   10,   10,   10,   10,   10,   10,   10,   10,   10,   10,   10,   10,   10,   10,   10,   10,   10,   10,   10,   10,   10,   10,   10,   10,   10,   10,   10,   10,   10,   10,   10,   10 ]
[   10,   10,   10,   10,   10,   10,   10,   10,   10,   10,   10,   10,   10,   10,   10,   10,   10,   10,   10,   10,   10,   10,   10,   10,   10,   10,   10,   10,   10,   10,   10,   10,   10,   10,   10,   10,   10,   10,   10,   10,   10,   10,   10,   10,   10,   10,   10,   10,   10,   10 ]
[   10,   10,   10,   10,   10,   10,   10,   10,   10,   10,   10,   10,   10,   10,   10,   10,   10,   10,   10,   10,   10,   10,   10,   10,   10,   10,   10,   10,   10,   10,   10,   10,   10,   10,   10,   10,   10,   10,   10,   10,   10,   10,   10,   10,   10,   10,   10,   10,   10,   10 ]
[   10,   10,   10,   10,   10,   10,   10,   10,   10,   10,   10,   10,   10,   10,   10,   10,   10,   10,   10,   10,   10,   10,   10,   10,   10,   10,   10,   10,   10,   10,   10,   10,   10,   10,   10,   10,   10,   10,   10,   10,   10,   10,   10,   10,   10,   10,   10,   10,   10,   10 ]
[   10,   10,   10,   10,   10,   10,   10,   10,   10,   10,   10,   10,   10,   10,   10,   10,   10,   10,   10,   10,   10,   10,   10,   10,   10,   10,   10,   10,   10,   10,   10,   10,   10,   10,   10,   10,   10,   10,   10,   10,   10,   10,   10,   10,   10,   10,   10,   10,   10,   10 ]
[   10,   10,   10,   10,   10,   10,   10,   10,   10,   10,   10,   10,   10,   10,   10,   10,   10,   10,   10,   10,   10,   10,   10,   10,   10,   10,   10,   10,   10,   10,   10,   10,   10,   10,   10,   10,   10,   10,   10,   10,   10,   10,   10,   10,   10,   10,   10,   10,   10,   10 ]
[   10,   10,   10,   10,   10,   10,   10,   10,   10,   10,   10,   10,   10,   10,   10,   10,   10,   10,   10,   10,   10,   10,   10,   10,   10,   10,   10,   10,   10,   10,   10,   10,   10,   10,   10,   10,   10,   10,   10,   10,   10,   10,   10,   10,   10,   10,   10,   10,   10,   10 ]
[   10,   10,   10,   10,   10,   10,   10,   10,   10,   10,   10,   10,   10,   10,   10,   10,   10,   10,   10,   10,   10,   10,   10,   10,   10,   10,   10,   10,   10,   10,   10,   10,   10,   10,   10,   10,   10,   10,   10,   10,   10,   10,   10,   10,   10,   10,   10,   10,   10,   10 ]
[   10,   10,   10,   10,   10,   10,   10,   10,   10,   10,   10,   10,   10,   10,   10,   10,   10,   10,   10,   10,   10,   10,   10,   10,   10,   10,   10,   10,   10,   10,   10,   10,   10,   10,   10,   10,   10,   10,   10,   10,   10,   10,   10,   10,   10,   10,   10,   10,   10,   10 ]
[   10,   10,   10,   10,   10,   10,   10,   10,   10,   10,   10,   10,   10,   10,   10,   10,   10,   10,   10,   10,   10,   10,   10,   10,   10,   10,   10,   10,   10,   10,   10,   10,   10,   10,   10,   10,   10,   10,   10,   10,   10,   10,   10,   10,   10,   10,   10,   10,   10,   10 ]
[   10,   10,   10,   10,   10,   10,   10,   10,   10,   10,   10,   10,   10,   10,   10,   10,   10,   10,   10,   10,   10,   10,   10,   10,   10,   10,   10,   10,   10,   10,   10,   10,   10,   10,   10,   10,   10,   10,   10,   10,   10,   10,   10,   10,   10,   10,   10,   10,   10,   10 ]
[   10,   10,   10,   10,   10,   10,   10,   10,   10,   10,   10,   10,   10,   10,   10,   10,   10,   10,   10,   10,   10,   10,   10,   10,   10,   10,   10,   10,   10,   10,   10,   10,   10,   10,   10,   10,   10,   10,   10,   10,   10,   10,   10,   10,   10,   10,   10,   10,   10,   10 ]
[   10,   10,   10,   10,   10,   10,   10,   10,   10,   10,   10,   10,   10,   10,   10,   10,   10,   10,   10,   10,   10,   10,   10,   10,   10,   10,   10,   10,   10,   10,   10,   10,   10,   10,   10,   10,   10,   10,   10,   10,   10,   10,   10,   10,   10,   10,   10,   10,   10,   10 ]
[   10,   10,   10,   10,   10,   10,   10,   10,   10,   10,   10,   10,   10,   10,   10,   10,   10,   10,   10,   10,   10,   10,   10,   10,   10,   10,   10,   10,   10,   10,   10,   10,   10,   10,   10,   10,   10,   10,   10,   10,   10,   10,   10,   10,   10,   10,   10,   10,   10,   10 ]
[   10,   10,   10,   10,   10,   10,   10,   10,   10,   10,   10,   10,   10,   10,   10,   10,   10,   10,   10,   10,   10,   10,   10,   10,   10,   10,   10,   10,   10,   10,   10,   10,   10,   10,   10,   10,   10,   10,   10,   10,   10,   10,   10,   10,   10,   10,   10,   10,   10,   10 ]
[   10,   10,   10,   10,   10,   10,   10,   10,   10,   10,   10,   10,   10,   10,   10,   10,   10,   10,   10,   10,   10,   10,   10,   10,   10,   10,   10,   10,   10,   10,   10,   10,   10,   10,   10,   10,   10,   10,   10,   10,   10,   10,   10,   10,   10,   10,   10,   10,   10,   10 ]
[   10,   10,   10,   10,   10,   10,   10,   10,   10,   10,   10,   10,   10,   10,   10,   10,   10,   10,   10,   10,   10,   10,   10,   10,   10,   10,   10,   10,   10,   10,   10,   10,   10,   10,   10,   10,   10,   10,   10,   10,   10,   10,   10,   10,   10,   10,   10,   10,   10,   10 ]
[   10,   10,   10,   10,   10,   10,   10,   10,   10,   10,   10,   10,   10,   10,   10,   10,   10,   10,   10,   10,   10,   10,   10,   10,   10,   10,   10,   10,   10,   10,   10,   10,   10,   10,   10,   10,   10,   10,   10,   10,   10,   10,   10,   10,   10,   10,   10,   10,   10,   10 ]
];
