n=  50;
m=  50;
MM=[  447,  500,  596,  502,  574,  564,  451,  550,  415,  595,  482,  487,  587,  591,  445,  458,  597,  529,  523,  416,  560,  498,  533,  449,  494,  597,  544,  566,  463,  423,  482,  581,  456,  452,  528,  419,  544,  418,  598,  597,  522,  508,  421,  489,  477,  580,  581,  437,  576,  504 ];
AA=[  502,  365,  375,  501,  351,  359,  355,  378,  414,  465,  356,  521,  540,  376,  436,  356,  506,  352,  530,  447,  485,  452,  419,  507,  489,  416,  395,  539,  546,  468,  532,  351,  456,  360,  495,  406,  374,  388,  497,  387,  360,  414,  442,  506,  455,  548,  357,  437,  512,  390 ];
a=[
[2500,1900,2500,1500,1800,4200,3100,1900,1300,3500,1100,4300,3400,1700,1800,4400,4000,2000,900,600,3400,3200,1000,1000,1700,1600,2400,900,2800,3500,3100,1200,2700,2800,500,2500,1700,2100,2400,4000,2300,4300,4300,2800,1200,1800,900,2300,3600,4100 ],
[1700,1500,3700,2300,3900,1000,3100,3400,4200,4200,3300,700,3600,700,4000,1900,4000,3900,2900,3800,3200,1800,2800,1000,2800,2900,1300,3300,1800,2800,2600,800,2000,3900,1900,2200,2400,2800,600,2100,3600,3500,1100,500,1000,2500,1600,2400,1000,1400 ],
[1400,700,3700,1500,2200,3600,800,4100,3900,3500,4300,800,700,2800,1200,1200,2400,3700,1500,3500,1500,2700,3100,3100,3900,700,1200,3700,2200,800,800,3900,3700,800,2000,1200,2000,2100,1300,1700,2100,2400,2300,1500,1300,2900,4100,4100,3900,4300 ],
[2600,600,3000,2200,4300,2900,3900,1700,4100,3500,3900,3800,1400,1800,2800,1200,4300,3800,1000,2200,2600,2000,1200,3000,3900,500,3600,3400,4300,600,3700,2500,2900,4000,3700,1000,4100,1800,1800,2900,3900,3700,500,3600,2000,2700,2500,3500,900,4200 ],
[3500,1500,1800,2800,3400,2900,3100,3500,2000,700,600,3800,1900,1300,3600,3800,3700,3700,2000,2300,3100,2300,600,4100,1300,2500,3000,3600,1000,2400,2300,1600,3700,1400,3400,1100,3200,2700,4000,2600,2600,700,700,500,1000,700,2300,2400,900,2600 ],
[1100,2000,1400,1000,4400,3200,3200,4300,1700,2700,3000,1300,2700,3800,900,2900,2500,1100,3900,1800,800,4300,3100,3400,1700,2500,1900,1600,4300,2700,2600,1700,3100,1900,3400,2600,3500,1300,2800,2900,500,3600,3800,4300,800,2500,4300,3200,1800,2600 ],
[1100,2200,1800,1300,800,2500,1400,3100,4300,1500,3100,3600,1500,900,1100,2300,4000,1700,4100,1600,3900,1900,2900,3100,1500,4400,2900,2100,600,2900,2600,4400,3100,1000,1200,700,500,1400,2800,800,2400,2900,4400,600,4300,4000,3000,2900,2800,3700 ],
[2600,1100,2300,2700,1400,3500,4300,3400,3900,3100,1900,2700,1500,1000,2800,1800,3600,3900,2400,1500,2000,3400,900,1000,1800,1400,2800,2300,3900,2400,4000,700,1400,3500,900,4400,1700,4300,3500,4100,2200,2300,2100,3100,2200,1800,1700,3400,3200,2500 ],
[2600,1800,4100,4100,3100,3800,900,2000,2700,3400,2100,3300,4100,3700,1000,2500,2600,4200,2400,2200,4400,1900,800,1000,500,4200,3300,3700,1600,3000,500,2600,500,3400,3400,1400,3000,4100,3600,2700,3000,2200,2700,3000,500,2700,4000,2300,1600,900 ],
[3200,3400,3400,900,2200,500,2100,2100,2500,3100,1100,1000,2300,4400,3200,900,3000,3100,900,3700,3700,4100,500,1800,1900,2500,3100,2100,2800,1400,3800,3100,900,3400,3100,2300,1500,2700,1200,700,700,3300,3400,4300,1000,2500,1300,3000,3400,2300 ],
[3800,1000,3100,3300,1400,900,3200,1800,2100,1300,4200,500,2400,1300,1400,3000,800,4000,1500,1700,1900,3700,1700,3200,4100,2800,3300,2000,900,4100,1800,1300,1400,3400,3600,1400,1500,2200,800,4400,600,2800,800,2800,2600,3800,3500,4000,4300,600 ],
[1300,3900,1900,2400,500,900,3400,1100,2100,2100,3800,4200,800,3900,1600,2800,3400,4000,2200,3900,4400,1300,2100,3400,3600,1600,800,700,3300,2100,4100,3700,3700,4100,4200,4300,3100,2000,2200,2600,4100,4200,3400,1400,3800,3100,3300,4300,500,1100 ],
[2500,4400,2300,2400,2600,3100,1200,700,1000,3900,1800,1800,1100,1600,4100,1300,1700,500,2400,3200,1700,1800,2200,4400,4400,3600,3400,1400,3600,1500,1100,2800,2800,1600,2200,1300,2700,600,600,2100,3000,3100,1100,1100,2800,3400,1500,2800,500,1800 ],
[2700,500,3900,3600,3400,700,3300,4300,1300,2300,2300,1000,3300,3700,1200,1300,2800,2600,3800,1300,2800,2100,2000,1800,4400,3400,3300,3000,3200,4300,600,3000,3100,1500,3300,3900,500,1700,4100,3000,4100,2800,1900,2100,1400,2500,1400,1200,1700,2400 ],
[3400,1600,2800,3400,600,1400,3800,1300,3300,3400,500,1900,3300,2600,1800,700,2900,1500,800,2200,2300,1000,3600,1200,3200,1100,1800,2500,500,2800,3600,4100,4000,500,1800,3000,1300,1100,700,800,1900,3900,700,3700,3700,3100,4100,4200,2300,1900 ],
[1300,3300,1000,1200,600,1100,1800,2900,2800,3000,1300,3300,600,2400,500,4000,2700,4100,1900,1700,1400,1000,1100,1000,3200,2400,2100,2500,2500,1300,1800,1300,1200,4400,3000,600,1000,3500,3700,1200,2900,3800,4200,3800,3400,3200,4200,900,3000,4300 ],
[3900,2200,1300,2700,1000,3800,3600,3000,900,2900,4300,700,1900,3100,1700,3300,2400,1900,3800,2500,1500,2800,500,1000,2900,1100,2000,3800,3200,2700,1800,3500,4300,3100,1000,3500,600,2500,1400,2600,3500,2000,4100,2300,4100,1100,2200,4100,1100,1600 ],
[900,1700,2400,2900,2400,3000,900,4100,1400,900,2100,3700,500,4000,3700,2800,1900,2900,1400,3800,4200,2800,3300,1600,3300,1500,2100,4100,4100,1000,4400,2000,1400,1900,4200,1900,3100,2500,3200,1200,1700,2400,2000,1200,2500,2300,2200,1500,2700,1100 ],
[3400,3300,3600,1400,3000,2900,2700,700,2500,3700,2700,2900,1200,3100,3400,1300,3100,700,1400,500,500,700,2100,3500,600,3100,1200,1100,3600,1200,3000,4200,1100,1500,3400,700,2900,3300,1800,1900,4000,2300,3600,700,4100,3100,2200,3400,2100,1300 ],
[3900,2300,700,2800,800,2700,4200,4300,4300,1800,3100,1900,3500,3100,3800,3700,3500,3100,1000,3700,3400,2400,2400,1100,2400,3700,1000,1500,2100,900,2600,2200,1500,1600,1700,3400,3000,2100,3600,2400,1300,3700,3500,1100,2000,2400,3200,3900,3500,3400 ],
[800,1100,1400,2500,1800,4200,600,3500,3700,4000,4200,4000,500,3000,1100,4300,2600,2400,1100,2600,2100,1700,3800,600,3300,2300,1500,3700,1500,1000,3600,700,3300,4100,600,2200,2700,2300,2000,2100,3200,1900,3000,4000,2500,4000,1700,600,4400,3200 ],
[2500,800,3800,1600,1600,600,4400,2900,1700,2200,3500,2800,3600,2400,3000,1200,900,600,2400,1100,4300,3700,2300,500,2000,1700,1600,2200,2300,1300,1200,1300,1600,600,1100,4100,2500,2100,4200,1900,3700,2300,700,1600,3600,4300,4100,700,1300,4100 ],
[2700,1100,3300,2900,3300,2700,1600,3200,1500,3600,1900,1000,1200,3900,3900,1000,3200,2100,4200,1800,4000,4100,1500,1600,3000,2900,3800,2400,4400,2800,3900,2600,2000,1600,900,600,4100,1300,3500,3700,500,2900,3800,3100,1800,1900,2200,4400,3500,3200 ],
[2700,2800,4300,4400,2200,3100,3000,700,4200,1000,3200,3200,1800,1000,3100,600,1000,3900,2100,3100,2200,3900,3400,3700,3000,3100,2100,2300,3900,700,500,2000,4000,2300,1400,3300,2000,3200,3800,2100,1100,900,1300,1800,3100,3900,1600,3100,1600,2300 ],
[2300,4300,1500,1900,1500,2200,2800,700,2600,3700,3800,2700,700,3700,4200,4200,2900,3100,2100,3500,2900,2700,2900,2900,1000,2200,3200,2900,1500,700,2800,3600,1200,3300,2100,900,800,3700,2700,4200,1700,500,3700,3000,3500,500,1200,2200,4300,4000 ],
[800,2900,600,3200,1800,500,2400,3600,4300,1000,3400,4000,2800,2100,2900,4100,1800,1400,1800,2200,1900,1900,3000,3000,4400,1200,900,3300,3200,700,500,3900,1400,1700,3800,1000,2400,3200,3000,1300,3700,600,500,2300,1600,2000,3200,700,3600,1500 ],
[3600,4400,4000,2700,3800,1200,1800,4200,1300,1800,500,2400,1800,2600,4300,1500,1700,2100,1000,900,2000,2200,2000,3300,2500,3800,1600,2200,1200,600,3300,4300,3700,1900,4400,3600,3100,1200,2900,2500,1600,600,1400,4000,2400,1700,3100,1100,2200,1700 ],
[2200,3900,3900,1200,2600,2100,3700,3400,3000,3600,3800,1400,1900,2300,2300,3100,2800,1900,1300,4400,1700,1500,3500,3100,4100,800,3700,700,4300,700,3700,3600,2700,2700,2900,800,4000,1300,2900,3000,4300,1800,1300,2500,1600,1500,2200,1400,2700,3500 ],
[4300,600,3300,2200,1000,3500,1200,2300,3000,700,3400,1800,3500,4300,3100,4200,3000,3500,3900,4300,3600,3000,1900,2300,3700,800,1500,1000,800,2600,3800,2300,3800,3000,3800,1000,1000,2600,3000,500,900,800,1200,3300,900,1400,4100,3500,1300,3500 ],
[2900,2200,1800,2900,2200,1200,4400,3500,1700,1200,1800,1800,2000,600,900,700,2400,1200,2600,500,2100,1300,1800,1800,3300,1300,2200,1200,2600,4100,900,2800,800,1100,1900,900,1900,800,500,3100,3500,3900,3700,2400,1100,1100,2300,2700,1500,1800 ],
[1600,3600,1100,1400,1400,2400,600,1200,4100,2500,3300,1800,2200,3400,500,2500,1100,2100,3500,1600,600,2400,1300,4300,3400,1100,900,2700,4100,1900,2300,900,2600,1400,600,3400,3100,3000,800,1800,1800,1500,3300,800,3200,2800,3700,3400,1100,2200 ],
[3700,2700,800,1600,2400,2700,700,3100,1400,700,4300,2600,1200,4100,2300,2100,3400,500,1900,2000,1000,3100,1200,2700,3500,1400,3600,2600,3400,3800,4100,4000,1400,1300,1000,3000,3300,900,1500,2500,2700,2700,2200,1500,1800,4200,2400,800,2300,4000 ],
[4400,3400,3100,2600,2700,3600,900,4300,4400,4100,3500,3100,800,800,1300,900,4400,2600,1400,1900,2600,2200,700,500,2800,2500,2500,1200,800,3500,4000,3800,500,1200,2100,2900,1300,2700,700,2700,500,4400,3300,4300,2800,1000,2200,3400,1800,2100 ],
[3400,2100,3200,2000,3600,2400,500,1900,900,2600,4300,2600,1500,3700,4000,3000,2100,4000,2400,2900,4000,1800,4000,4400,600,1200,1700,3600,1200,1000,3800,1200,900,3100,1100,2400,3700,800,3500,3300,1600,3100,4000,1800,1800,2200,4100,2400,4300,3200 ],
[2300,4300,4100,3400,900,800,800,3400,2200,2600,1200,4200,4200,1300,2500,3900,600,700,1200,600,1300,2500,500,800,3700,3300,1900,4000,1400,2700,2900,3300,3500,3700,2200,1400,2600,2300,4100,3600,1300,2600,3200,1800,700,1800,2100,800,800,3100 ],
[500,3000,1200,2900,4200,1000,3600,4400,800,3900,4400,1100,1200,4000,3200,2600,3700,2100,1900,1000,1800,1700,500,3200,2500,900,2300,3500,2400,3300,3100,600,1800,1300,3800,3800,2500,500,800,800,3800,3200,1000,600,3600,2700,1200,3300,2100,4100 ],
[1600,1400,4200,1200,2200,2700,4100,3000,1800,1600,3300,2500,3600,1000,1700,1400,3600,4200,500,3200,700,3300,2100,1600,2500,1900,3500,2000,3900,1100,2800,2400,1600,3200,800,600,900,2300,3400,3800,3300,500,1800,2400,800,900,700,1300,4400,3000 ],
[1900,4400,1200,1600,900,1000,4100,3700,3300,1700,4100,4000,3400,4200,3600,2300,4000,1900,3900,1900,1700,1400,2700,2800,3900,800,4100,1600,3400,3400,3500,2900,2000,2700,900,3900,3600,1500,4300,2300,2600,2900,1400,800,1500,900,2800,2400,1500,2300 ],
[3200,4400,2300,4100,3300,900,700,4300,1000,1500,2400,2500,4200,2600,2700,4100,3000,1400,3500,1700,1200,4000,1900,4400,1700,1200,2700,600,4100,2800,3800,2600,3200,3200,2600,2700,4100,900,4200,1100,2000,3600,2400,1400,2800,4200,1200,1800,3200,4200 ],
[4300,2400,500,800,3000,1700,1700,3500,800,3300,1800,2800,600,2500,700,2800,2200,2000,3500,2600,3700,900,3900,3700,4200,3600,1600,1900,1700,4400,1600,1100,3300,2900,3600,2600,600,4100,4400,3100,1500,1500,3700,1400,700,1200,1500,2400,2700,1500 ],
[3600,3900,1400,2200,2100,2400,500,700,4200,1700,3400,3600,3300,3600,4200,500,3300,900,2500,2000,3700,4100,2900,4000,3400,1500,3900,1400,3500,4100,3600,2800,2000,4300,800,1300,2600,1400,4400,600,3800,1400,800,2700,1500,2200,600,3000,3800,1400 ],
[1500,3200,3800,3200,2600,4000,3800,1700,1000,800,1400,600,2600,1700,3800,1200,2000,3500,2000,2800,700,3600,3400,2500,3200,4300,2100,2200,4300,600,1300,3100,3500,700,3400,2200,2800,2800,1700,600,1900,500,2600,3600,3500,600,1900,1800,2600,3500 ],
[3400,1700,2400,2300,3200,2400,3100,2000,3800,3500,1000,1500,3200,3400,3500,1000,4100,3700,1500,2200,3100,500,3700,1100,2600,3600,4100,4000,500,3000,1100,1500,500,2100,2700,1500,1200,2400,4000,1000,1500,1100,2600,700,600,1000,1500,3600,1800,2900 ],
[800,4300,3800,3400,2500,2200,2100,1900,4300,2800,3500,3800,1100,2700,1500,700,2700,2500,1000,3400,4400,1700,3000,700,3000,3000,4200,700,2700,1700,3000,3900,2900,3300,1000,3300,1200,3100,1700,2500,2000,2100,2300,600,3200,1800,1300,3100,3600,2800 ],
[3500,2300,2100,3900,4300,2700,2100,3800,4100,900,1200,1500,800,3800,2000,1900,1600,2000,2100,2000,3100,4300,1200,1500,3900,4000,1000,2800,1200,3500,2600,4200,3500,3600,1700,2600,2300,2500,2000,800,2100,2200,4200,2600,2900,4200,4400,3200,2000,800 ],
[2500,700,4200,1100,3900,2700,2800,2300,1500,3000,1100,1200,1000,900,1000,4000,3000,4200,2300,2100,2800,1900,3600,2600,4100,2100,3500,3800,4400,2400,4300,1400,2600,4200,3700,1400,2400,1900,1200,1400,4200,900,3600,4200,4400,3200,1900,3600,900,2300 ],
[2200,2500,2600,1500,1400,2000,2100,2100,3300,1900,500,3200,3800,700,1900,900,700,500,2800,1600,700,1300,2200,500,1700,1100,2000,2000,1400,2500,1300,2000,4400,3400,1700,4000,4100,2300,800,2200,1600,2800,3200,1400,1700,3800,2600,2300,3000,600 ],
[1300,2400,2600,3600,1400,3000,3000,1700,3500,4300,500,600,1000,3600,3900,3500,2300,500,3500,3100,3400,3300,500,3400,3000,1300,700,3400,2500,3500,2800,2600,4200,3400,3700,3800,900,2900,1700,4400,2400,1500,1600,1600,4200,2600,4400,4000,800,4100 ],
[3400,1800,2700,3700,4300,1500,2500,3400,1000,4300,1900,2700,1000,2300,4000,2100,4200,3300,500,4200,2500,4300,4300,1400,700,1100,1800,2000,1900,1200,3500,2300,2800,1600,4200,2700,4100,3900,4400,600,4400,2800,500,1500,3100,2300,3000,2000,4300,1200 ],
[1600,3900,800,1600,3000,3800,3400,2300,4200,4000,1100,2000,3100,1100,500,3400,2500,1300,1500,1800,3500,2100,2200,3200,1000,800,3000,4000,1700,1200,3300,2400,2300,500,2400,1000,4200,1300,700,4400,4400,2300,3400,4200,1800,500,2700,2300,1500,1500 ]
];
c=[
[24,101,68,40,92,44,36,29,88,97,79,109,115,51,54,53,104,113,52,66,43,69,78,47,70,21,21,83,88,77,54,79,112,73,112,108,66,45,50,34,79,110,79,35,54,99,21,31,107,52 ],
[46,106,102,84,74,60,28,66,51,43,96,92,42,58,44,115,98,118,86,81,72,116,49,92,21,40,64,72,103,115,118,31,46,91,96,29,67,90,40,105,62,78,21,116,85,35,114,96,101,28 ],
[92,40,74,28,103,59,22,104,86,76,59,97,41,53,100,60,61,64,94,109,93,63,23,23,77,102,81,95,83,104,97,109,63,105,107,107,60,98,53,68,54,59,79,104,41,40,61,62,71,44 ],
[67,68,91,38,57,71,65,47,55,54,75,47,65,36,117,54,96,71,55,67,35,28,89,118,75,94,50,35,82,50,37,20,76,104,48,97,34,71,77,96,61,63,78,52,82,92,111,58,45,24 ],
[35,91,42,37,102,93,89,59,63,103,20,88,111,36,88,34,95,77,81,34,94,35,78,106,45,69,31,70,42,88,34,49,62,68,100,110,92,71,88,23,40,27,29,46,85,35,46,62,75,85 ],
[72,25,83,98,111,97,91,67,94,69,44,106,118,115,113,67,84,116,48,81,66,44,104,111,69,103,87,53,67,69,47,100,34,69,104,66,92,85,97,34,54,96,92,71,29,72,78,26,23,83 ],
[48,102,44,111,42,80,99,45,87,20,49,24,83,69,47,47,103,60,81,52,108,81,97,67,99,39,78,53,60,52,96,98,59,54,68,47,106,79,80,66,93,65,64,76,69,113,41,99,118,53 ],
[62,111,32,38,110,105,118,57,49,75,79,25,35,103,37,105,112,107,111,71,75,69,51,110,61,58,106,118,99,23,74,57,48,111,41,54,82,40,40,73,106,36,65,94,22,100,27,68,77,81 ],
[37,44,50,62,47,71,65,85,108,45,53,74,85,34,77,30,72,100,103,111,95,25,86,119,67,77,92,49,63,101,89,89,27,102,69,63,108,63,79,55,102,24,89,65,54,89,114,81,26,67 ],
[65,64,55,49,106,87,43,66,31,66,68,106,102,86,89,72,100,98,96,93,81,49,32,53,43,68,75,72,50,110,68,67,62,55,26,76,57,89,69,119,76,27,54,33,95,57,95,99,113,100 ],
[115,65,26,32,55,103,104,111,30,81,105,95,26,30,87,44,57,33,108,54,34,67,116,65,23,74,75,24,81,52,78,109,108,78,47,49,40,115,112,82,88,55,21,47,93,109,38,101,34,41 ],
[104,95,39,111,92,70,64,69,74,38,47,115,67,75,55,26,51,30,72,99,57,23,111,83,72,110,26,75,112,105,84,117,67,109,102,22,97,90,57,103,53,85,56,98,55,54,77,98,25,87 ],
[51,37,84,39,46,96,53,61,47,21,110,40,71,72,94,75,53,40,73,31,72,105,97,82,37,27,116,110,34,79,28,116,89,79,86,88,31,71,91,108,39,60,32,101,100,115,61,52,37,78 ],
[116,58,64,50,20,81,81,50,28,116,23,50,100,93,112,48,110,89,95,32,36,96,53,25,81,88,113,48,119,86,113,117,73,92,81,59,59,66,46,35,69,51,83,85,54,81,62,36,53,117 ],
[53,45,65,97,101,69,62,110,93,69,96,104,54,109,42,114,59,96,82,53,50,72,119,104,91,56,83,23,94,105,64,106,109,26,83,22,61,66,79,83,60,72,97,116,47,78,74,59,21,74 ],
[81,91,79,68,59,70,61,29,54,44,76,87,45,48,59,31,20,109,73,109,42,33,75,45,102,114,92,115,69,25,82,49,74,62,80,53,74,53,49,64,111,53,92,86,47,91,86,66,34,34 ],
[44,114,58,92,38,73,69,74,106,84,82,63,45,21,107,82,66,76,47,64,49,119,74,44,40,74,75,42,61,78,107,102,43,114,38,100,86,34,32,55,117,118,117,85,102,39,52,98,114,108 ],
[65,21,93,46,43,90,29,96,83,67,47,64,51,52,103,65,94,104,97,103,102,97,69,22,29,59,32,93,107,91,63,38,116,52,54,91,90,49,85,65,80,88,93,63,103,57,21,42,40,62 ],
[88,51,66,24,119,69,27,111,108,23,99,74,119,76,89,92,42,98,66,62,49,66,22,84,40,59,26,21,60,40,92,35,114,42,89,43,37,103,70,27,87,110,78,94,51,54,76,83,107,105 ],
[98,51,72,53,22,96,116,84,109,82,45,75,65,96,69,38,110,44,111,39,69,48,117,83,23,29,90,22,69,75,39,44,90,23,23,51,39,117,39,114,70,110,66,84,79,25,88,93,46,100 ],
[38,63,87,75,36,114,39,92,34,51,61,27,66,44,22,67,84,55,89,103,115,68,52,109,76,23,52,107,44,60,92,65,33,29,37,64,71,24,57,27,43,34,49,104,56,29,52,53,49,30 ],
[35,65,40,115,24,114,94,69,107,38,47,84,117,77,24,63,86,32,36,76,35,111,43,82,31,80,113,119,112,37,28,113,93,73,99,65,82,96,101,118,67,20,48,108,67,57,51,62,50,51 ],
[35,80,58,55,22,27,104,37,85,27,112,55,46,109,33,53,65,76,50,54,43,88,57,65,39,69,67,109,71,90,97,54,63,90,37,102,33,23,69,64,55,64,39,29,39,95,72,91,103,50 ],
[77,24,31,118,101,90,47,99,115,20,54,86,50,29,102,106,109,28,94,41,28,59,47,35,56,60,60,118,83,30,64,35,39,74,38,64,29,21,41,26,89,58,84,55,78,22,23,73,39,42 ],
[85,76,85,26,23,40,102,34,75,94,88,70,89,24,39,102,103,106,69,93,28,73,40,76,57,75,107,39,87,83,118,84,52,40,44,79,85,74,95,20,64,110,62,70,108,55,105,43,28,42 ],
[53,47,54,59,100,109,87,94,109,42,44,71,63,30,104,68,113,37,74,30,26,69,20,26,29,46,40,111,92,62,79,91,112,32,105,97,73,74,100,29,114,51,32,119,118,87,115,113,99,30 ],
[70,93,64,116,52,68,67,73,94,23,85,57,86,92,81,107,104,95,42,72,35,68,97,45,79,53,53,94,21,51,112,93,91,44,57,76,82,35,106,83,67,63,90,60,44,105,95,36,115,60 ],
[67,86,47,70,89,58,103,45,66,25,24,75,64,71,96,62,26,51,46,95,26,65,45,51,44,36,112,110,91,91,40,89,82,82,104,64,72,86,108,112,79,85,90,101,68,115,81,118,70,22 ],
[94,87,58,66,105,53,108,80,112,107,108,55,21,79,101,110,88,48,78,78,91,117,44,112,48,65,37,86,82,79,64,55,91,21,86,93,110,79,71,23,30,116,86,116,39,119,113,100,96,92 ],
[91,46,35,68,37,78,93,21,88,51,74,110,62,97,116,76,46,108,114,84,48,28,118,79,68,69,113,95,82,69,38,36,48,55,113,117,62,86,81,47,39,85,72,67,91,81,60,102,24,33 ],
[60,68,81,90,90,57,95,20,102,88,51,112,38,89,35,31,87,64,47,74,34,38,108,71,29,105,57,20,30,119,59,46,79,79,37,37,24,31,114,79,103,74,38,111,36,33,92,56,110,52 ],
[50,111,38,110,116,100,37,73,42,110,47,117,40,84,92,107,111,31,64,102,71,68,53,25,38,28,84,117,110,71,20,70,54,100,44,102,86,71,27,114,104,31,45,58,108,42,110,89,25,64 ],
[117,94,113,114,29,107,24,109,48,62,30,75,48,53,68,76,65,70,41,91,70,68,78,45,73,72,57,71,30,108,26,65,53,48,91,52,45,82,42,83,109,61,47,23,111,80,28,107,78,91 ],
[107,74,75,70,76,98,94,60,31,82,42,90,89,92,108,27,55,26,54,109,119,61,63,74,105,30,118,76,98,94,27,65,111,42,91,50,85,116,85,96,26,43,22,109,115,38,81,115,58,86 ],
[51,39,55,38,117,32,102,67,65,112,65,71,117,108,80,25,105,33,70,111,37,119,90,80,35,82,31,28,34,114,55,92,67,21,28,91,95,40,86,64,38,103,47,104,119,59,46,61,44,41 ],
[73,76,54,44,22,75,39,72,92,20,96,48,101,111,74,99,93,78,34,68,57,109,110,111,85,92,67,78,40,96,74,89,111,88,56,52,73,71,75,89,78,104,57,62,54,116,81,111,81,45 ],
[86,60,66,46,47,41,48,69,58,43,95,83,99,88,79,105,76,97,45,66,79,87,96,104,72,119,72,91,39,90,99,114,114,28,117,79,101,46,32,98,56,54,45,83,64,46,47,70,61,101 ],
[92,118,71,63,80,77,62,104,117,25,35,67,32,96,98,57,65,69,113,22,60,77,87,30,28,66,51,64,63,108,71,59,119,41,64,64,90,112,110,22,50,116,96,66,40,82,32,100,115,34 ],
[116,111,78,38,41,112,80,108,82,40,51,25,83,33,84,108,58,79,114,30,63,98,35,71,90,107,61,44,23,81,25,51,27,101,64,44,74,60,43,95,118,65,111,112,86,60,95,49,43,43 ],
[64,87,33,79,37,103,21,105,108,40,92,95,105,54,58,25,117,90,103,55,55,118,59,29,21,43,83,42,112,53,97,37,82,70,95,29,24,32,35,71,73,110,74,105,116,36,105,60,68,106 ],
[111,97,60,77,45,114,34,73,92,55,48,65,88,86,32,100,89,34,62,90,116,111,21,76,20,48,69,45,57,31,70,54,46,109,103,82,53,99,81,42,43,45,64,90,73,62,109,30,20,102 ],
[23,112,85,25,96,43,92,28,30,91,89,107,105,28,117,31,28,48,101,58,68,70,84,25,77,88,96,80,33,46,54,60,78,43,104,111,119,99,69,21,114,38,66,100,82,56,101,25,84,98 ],
[46,60,79,63,73,83,51,80,94,104,49,67,25,53,100,36,75,61,86,116,41,74,88,110,44,71,33,98,35,75,118,65,82,69,74,107,84,74,107,43,91,40,30,44,27,50,62,52,38,60 ],
[70,46,116,101,70,88,65,25,22,47,23,82,82,88,44,46,89,73,105,25,112,112,98,39,76,62,21,39,43,59,71,93,22,26,112,90,32,111,62,111,35,29,32,70,26,114,106,44,37,113 ],
[37,32,88,80,118,101,113,39,30,27,118,33,93,36,67,76,63,98,94,77,57,25,87,104,93,81,106,97,80,116,108,63,98,63,108,97,43,68,93,24,44,42,69,57,60,63,109,97,118,52 ],
[30,38,60,107,118,61,101,79,75,102,118,106,68,42,115,55,96,72,52,28,95,101,115,34,74,25,70,42,27,74,38,49,66,109,71,44,96,27,116,48,91,97,110,56,61,50,35,115,27,71 ],
[115,115,26,85,58,72,117,34,56,37,76,76,100,57,78,59,78,66,115,57,60,92,111,63,87,101,104,73,114,22,29,119,90,107,116,25,54,44,83,93,93,107,91,52,93,115,93,116,60,51 ],
[95,42,22,35,95,85,117,74,95,77,25,23,81,98,24,30,26,102,47,61,55,117,96,106,79,36,22,30,93,66,83,20,84,105,53,23,105,57,108,102,105,111,55,37,113,47,53,53,40,31 ],
[47,52,22,29,115,83,26,45,104,82,107,54,104,40,54,102,67,20,104,81,107,107,83,109,102,54,108,63,104,90,70,58,25,67,72,59,43,85,96,76,74,119,118,79,67,25,107,20,46,112 ],
[56,67,100,106,56,85,83,32,98,103,91,102,55,63,117,77,95,46,110,51,26,113,75,61,62,103,106,31,68,81,31,104,26,33,112,113,25,39,24,102,70,80,116,94,59,59,26,74,83,36 ]
];
mm_=[
[   10,   10,   10,   10,   10,   10,   10,   10,   10,   10,   10,   10,   10,   10,   10,   10,   10,   10,   10,   10,   10,   10,   10,   10,   10,   10,   10,   10,   10,   10,   10,   10,   10,   10,   10,   10,   10,   10,   10,   10,   10,   10,   10,   10,   10,   10,   10,   10,   10,   10 ]
[   10,   10,   10,   10,   10,   10,   10,   10,   10,   10,   10,   10,   10,   10,   10,   10,   10,   10,   10,   10,   10,   10,   10,   10,   10,   10,   10,   10,   10,   10,   10,   10,   10,   10,   10,   10,   10,   10,   10,   10,   10,   10,   10,   10,   10,   10,   10,   10,   10,   10 ]
[   10,   10,   10,   10,   10,   10,   10,   10,   10,   10,   10,   10,   10,   10,   10,   10,   10,   10,   10,   10,   10,   10,   10,   10,   10,   10,   10,   10,   10,   10,   10,   10,   10,   10,   10,   10,   10,   10,   10,   10,   10,   10,   10,   10,   10,   10,   10,   10,   10,   10 ]
[   10,   10,   10,   10,   10,   10,   10,   10,   10,   10,   10,   10,   10,   10,   10,   10,   10,   10,   10,   10,   10,   10,   10,   10,   10,   10,   10,   10,   10,   10,   10,   10,   10,   10,   10,   10,   10,   10,   10,   10,   10,   10,   10,   10,   10,   10,   10,   10,   10,   10 ]
[   10,   10,   10,   10,   10,   10,   10,   10,   10,   10,   10,   10,   10,   10,   10,   10,   10,   10,   10,   10,   10,   10,   10,   10,   10,   10,   10,   10,   10,   10,   10,   10,   10,   10,   10,   10,   10,   10,   10,   10,   10,   10,   10,   10,   10,   10,   10,   10,   10,   10 ]
[   10,   10,   10,   10,   10,   10,   10,   10,   10,   10,   10,   10,   10,   10,   10,   10,   10,   10,   10,   10,   10,   10,   10,   10,   10,   10,   10,   10,   10,   10,   10,   10,   10,   10,   10,   10,   10,   10,   10,   10,   10,   10,   10,   10,   10,   10,   10,   10,   10,   10 ]
[   10,   10,   10,   10,   10,   10,   10,   10,   10,   10,   10,   10,   10,   10,   10,   10,   10,   10,   10,   10,   10,   10,   10,   10,   10,   10,   10,   10,   10,   10,   10,   10,   10,   10,   10,   10,   10,   10,   10,   10,   10,   10,   10,   10,   10,   10,   10,   10,   10,   10 ]
[   10,   10,   10,   10,   10,   10,   10,   10,   10,   10,   10,   10,   10,   10,   10,   10,   10,   10,   10,   10,   10,   10,   10,   10,   10,   10,   10,   10,   10,   10,   10,   10,   10,   10,   10,   10,   10,   10,   10,   10,   10,   10,   10,   10,   10,   10,   10,   10,   10,   10 ]
[   10,   10,   10,   10,   10,   10,   10,   10,   10,   10,   10,   10,   10,   10,   10,   10,   10,   10,   10,   10,   10,   10,   10,   10,   10,   10,   10,   10,   10,   10,   10,   10,   10,   10,   10,   10,   10,   10,   10,   10,   10,   10,   10,   10,   10,   10,   10,   10,   10,   10 ]
[   10,   10,   10,   10,   10,   10,   10,   10,   10,   10,   10,   10,   10,   10,   10,   10,   10,   10,   10,   10,   10,   10,   10,   10,   10,   10,   10,   10,   10,   10,   10,   10,   10,   10,   10,   10,   10,   10,   10,   10,   10,   10,   10,   10,   10,   10,   10,   10,   10,   10 ]
[   10,   10,   10,   10,   10,   10,   10,   10,   10,   10,   10,   10,   10,   10,   10,   10,   10,   10,   10,   10,   10,   10,   10,   10,   10,   10,   10,   10,   10,   10,   10,   10,   10,   10,   10,   10,   10,   10,   10,   10,   10,   10,   10,   10,   10,   10,   10,   10,   10,   10 ]
[   10,   10,   10,   10,   10,   10,   10,   10,   10,   10,   10,   10,   10,   10,   10,   10,   10,   10,   10,   10,   10,   10,   10,   10,   10,   10,   10,   10,   10,   10,   10,   10,   10,   10,   10,   10,   10,   10,   10,   10,   10,   10,   10,   10,   10,   10,   10,   10,   10,   10 ]
[   10,   10,   10,   10,   10,   10,   10,   10,   10,   10,   10,   10,   10,   10,   10,   10,   10,   10,   10,   10,   10,   10,   10,   10,   10,   10,   10,   10,   10,   10,   10,   10,   10,   10,   10,   10,   10,   10,   10,   10,   10,   10,   10,   10,   10,   10,   10,   10,   10,   10 ]
[   10,   10,   10,   10,   10,   10,   10,   10,   10,   10,   10,   10,   10,   10,   10,   10,   10,   10,   10,   10,   10,   10,   10,   10,   10,   10,   10,   10,   10,   10,   10,   10,   10,   10,   10,   10,   10,   10,   10,   10,   10,   10,   10,   10,   10,   10,   10,   10,   10,   10 ]
[   10,   10,   10,   10,   10,   10,   10,   10,   10,   10,   10,   10,   10,   10,   10,   10,   10,   10,   10,   10,   10,   10,   10,   10,   10,   10,   10,   10,   10,   10,   10,   10,   10,   10,   10,   10,   10,   10,   10,   10,   10,   10,   10,   10,   10,   10,   10,   10,   10,   10 ]
[   10,   10,   10,   10,   10,   10,   10,   10,   10,   10,   10,   10,   10,   10,   10,   10,   10,   10,   10,   10,   10,   10,   10,   10,   10,   10,   10,   10,   10,   10,   10,   10,   10,   10,   10,   10,   10,   10,   10,   10,   10,   10,   10,   10,   10,   10,   10,   10,   10,   10 ]
[   10,   10,   10,   10,   10,   10,   10,   10,   10,   10,   10,   10,   10,   10,   10,   10,   10,   10,   10,   10,   10,   10,   10,   10,   10,   10,   10,   10,   10,   10,   10,   10,   10,   10,   10,   10,   10,   10,   10,   10,   10,   10,   10,   10,   10,   10,   10,   10,   10,   10 ]
[   10,   10,   10,   10,   10,   10,   10,   10,   10,   10,   10,   10,   10,   10,   10,   10,   10,   10,   10,   10,   10,   10,   10,   10,   10,   10,   10,   10,   10,   10,   10,   10,   10,   10,   10,   10,   10,   10,   10,   10,   10,   10,   10,   10,   10,   10,   10,   10,   10,   10 ]
[   10,   10,   10,   10,   10,   10,   10,   10,   10,   10,   10,   10,   10,   10,   10,   10,   10,   10,   10,   10,   10,   10,   10,   10,   10,   10,   10,   10,   10,   10,   10,   10,   10,   10,   10,   10,   10,   10,   10,   10,   10,   10,   10,   10,   10,   10,   10,   10,   10,   10 ]
[   10,   10,   10,   10,   10,   10,   10,   10,   10,   10,   10,   10,   10,   10,   10,   10,   10,   10,   10,   10,   10,   10,   10,   10,   10,   10,   10,   10,   10,   10,   10,   10,   10,   10,   10,   10,   10,   10,   10,   10,   10,   10,   10,   10,   10,   10,   10,   10,   10,   10 ]
[   10,   10,   10,   10,   10,   10,   10,   10,   10,   10,   10,   10,   10,   10,   10,   10,   10,   10,   10,   10,   10,   10,   10,   10,   10,   10,   10,   10,   10,   10,   10,   10,   10,   10,   10,   10,   10,   10,   10,   10,   10,   10,   10,   10,   10,   10,   10,   10,   10,   10 ]
[   10,   10,   10,   10,   10,   10,   10,   10,   10,   10,   10,   10,   10,   10,   10,   10,   10,   10,   10,   10,   10,   10,   10,   10,   10,   10,   10,   10,   10,   10,   10,   10,   10,   10,   10,   10,   10,   10,   10,   10,   10,   10,   10,   10,   10,   10,   10,   10,   10,   10 ]
[   10,   10,   10,   10,   10,   10,   10,   10,   10,   10,   10,   10,   10,   10,   10,   10,   10,   10,   10,   10,   10,   10,   10,   10,   10,   10,   10,   10,   10,   10,   10,   10,   10,   10,   10,   10,   10,   10,   10,   10,   10,   10,   10,   10,   10,   10,   10,   10,   10,   10 ]
[   10,   10,   10,   10,   10,   10,   10,   10,   10,   10,   10,   10,   10,   10,   10,   10,   10,   10,   10,   10,   10,   10,   10,   10,   10,   10,   10,   10,   10,   10,   10,   10,   10,   10,   10,   10,   10,   10,   10,   10,   10,   10,   10,   10,   10,   10,   10,   10,   10,   10 ]
[   10,   10,   10,   10,   10,   10,   10,   10,   10,   10,   10,   10,   10,   10,   10,   10,   10,   10,   10,   10,   10,   10,   10,   10,   10,   10,   10,   10,   10,   10,   10,   10,   10,   10,   10,   10,   10,   10,   10,   10,   10,   10,   10,   10,   10,   10,   10,   10,   10,   10 ]
[   10,   10,   10,   10,   10,   10,   10,   10,   10,   10,   10,   10,   10,   10,   10,   10,   10,   10,   10,   10,   10,   10,   10,   10,   10,   10,   10,   10,   10,   10,   10,   10,   10,   10,   10,   10,   10,   10,   10,   10,   10,   10,   10,   10,   10,   10,   10,   10,   10,   10 ]
[   10,   10,   10,   10,   10,   10,   10,   10,   10,   10,   10,   10,   10,   10,   10,   10,   10,   10,   10,   10,   10,   10,   10,   10,   10,   10,   10,   10,   10,   10,   10,   10,   10,   10,   10,   10,   10,   10,   10,   10,   10,   10,   10,   10,   10,   10,   10,   10,   10,   10 ]
[   10,   10,   10,   10,   10,   10,   10,   10,   10,   10,   10,   10,   10,   10,   10,   10,   10,   10,   10,   10,   10,   10,   10,   10,   10,   10,   10,   10,   10,   10,   10,   10,   10,   10,   10,   10,   10,   10,   10,   10,   10,   10,   10,   10,   10,   10,   10,   10,   10,   10 ]
[   10,   10,   10,   10,   10,   10,   10,   10,   10,   10,   10,   10,   10,   10,   10,   10,   10,   10,   10,   10,   10,   10,   10,   10,   10,   10,   10,   10,   10,   10,   10,   10,   10,   10,   10,   10,   10,   10,   10,   10,   10,   10,   10,   10,   10,   10,   10,   10,   10,   10 ]
[   10,   10,   10,   10,   10,   10,   10,   10,   10,   10,   10,   10,   10,   10,   10,   10,   10,   10,   10,   10,   10,   10,   10,   10,   10,   10,   10,   10,   10,   10,   10,   10,   10,   10,   10,   10,   10,   10,   10,   10,   10,   10,   10,   10,   10,   10,   10,   10,   10,   10 ]
[   10,   10,   10,   10,   10,   10,   10,   10,   10,   10,   10,   10,   10,   10,   10,   10,   10,   10,   10,   10,   10,   10,   10,   10,   10,   10,   10,   10,   10,   10,   10,   10,   10,   10,   10,   10,   10,   10,   10,   10,   10,   10,   10,   10,   10,   10,   10,   10,   10,   10 ]
[   10,   10,   10,   10,   10,   10,   10,   10,   10,   10,   10,   10,   10,   10,   10,   10,   10,   10,   10,   10,   10,   10,   10,   10,   10,   10,   10,   10,   10,   10,   10,   10,   10,   10,   10,   10,   10,   10,   10,   10,   10,   10,   10,   10,   10,   10,   10,   10,   10,   10 ]
[   10,   10,   10,   10,   10,   10,   10,   10,   10,   10,   10,   10,   10,   10,   10,   10,   10,   10,   10,   10,   10,   10,   10,   10,   10,   10,   10,   10,   10,   10,   10,   10,   10,   10,   10,   10,   10,   10,   10,   10,   10,   10,   10,   10,   10,   10,   10,   10,   10,   10 ]
[   10,   10,   10,   10,   10,   10,   10,   10,   10,   10,   10,   10,   10,   10,   10,   10,   10,   10,   10,   10,   10,   10,   10,   10,   10,   10,   10,   10,   10,   10,   10,   10,   10,   10,   10,   10,   10,   10,   10,   10,   10,   10,   10,   10,   10,   10,   10,   10,   10,   10 ]
[   10,   10,   10,   10,   10,   10,   10,   10,   10,   10,   10,   10,   10,   10,   10,   10,   10,   10,   10,   10,   10,   10,   10,   10,   10,   10,   10,   10,   10,   10,   10,   10,   10,   10,   10,   10,   10,   10,   10,   10,   10,   10,   10,   10,   10,   10,   10,   10,   10,   10 ]
[   10,   10,   10,   10,   10,   10,   10,   10,   10,   10,   10,   10,   10,   10,   10,   10,   10,   10,   10,   10,   10,   10,   10,   10,   10,   10,   10,   10,   10,   10,   10,   10,   10,   10,   10,   10,   10,   10,   10,   10,   10,   10,   10,   10,   10,   10,   10,   10,   10,   10 ]
[   10,   10,   10,   10,   10,   10,   10,   10,   10,   10,   10,   10,   10,   10,   10,   10,   10,   10,   10,   10,   10,   10,   10,   10,   10,   10,   10,   10,   10,   10,   10,   10,   10,   10,   10,   10,   10,   10,   10,   10,   10,   10,   10,   10,   10,   10,   10,   10,   10,   10 ]
[   10,   10,   10,   10,   10,   10,   10,   10,   10,   10,   10,   10,   10,   10,   10,   10,   10,   10,   10,   10,   10,   10,   10,   10,   10,   10,   10,   10,   10,   10,   10,   10,   10,   10,   10,   10,   10,   10,   10,   10,   10,   10,   10,   10,   10,   10,   10,   10,   10,   10 ]
[   10,   10,   10,   10,   10,   10,   10,   10,   10,   10,   10,   10,   10,   10,   10,   10,   10,   10,   10,   10,   10,   10,   10,   10,   10,   10,   10,   10,   10,   10,   10,   10,   10,   10,   10,   10,   10,   10,   10,   10,   10,   10,   10,   10,   10,   10,   10,   10,   10,   10 ]
[   10,   10,   10,   10,   10,   10,   10,   10,   10,   10,   10,   10,   10,   10,   10,   10,   10,   10,   10,   10,   10,   10,   10,   10,   10,   10,   10,   10,   10,   10,   10,   10,   10,   10,   10,   10,   10,   10,   10,   10,   10,   10,   10,   10,   10,   10,   10,   10,   10,   10 ]
[   10,   10,   10,   10,   10,   10,   10,   10,   10,   10,   10,   10,   10,   10,   10,   10,   10,   10,   10,   10,   10,   10,   10,   10,   10,   10,   10,   10,   10,   10,   10,   10,   10,   10,   10,   10,   10,   10,   10,   10,   10,   10,   10,   10,   10,   10,   10,   10,   10,   10 ]
[   10,   10,   10,   10,   10,   10,   10,   10,   10,   10,   10,   10,   10,   10,   10,   10,   10,   10,   10,   10,   10,   10,   10,   10,   10,   10,   10,   10,   10,   10,   10,   10,   10,   10,   10,   10,   10,   10,   10,   10,   10,   10,   10,   10,   10,   10,   10,   10,   10,   10 ]
[   10,   10,   10,   10,   10,   10,   10,   10,   10,   10,   10,   10,   10,   10,   10,   10,   10,   10,   10,   10,   10,   10,   10,   10,   10,   10,   10,   10,   10,   10,   10,   10,   10,   10,   10,   10,   10,   10,   10,   10,   10,   10,   10,   10,   10,   10,   10,   10,   10,   10 ]
[   10,   10,   10,   10,   10,   10,   10,   10,   10,   10,   10,   10,   10,   10,   10,   10,   10,   10,   10,   10,   10,   10,   10,   10,   10,   10,   10,   10,   10,   10,   10,   10,   10,   10,   10,   10,   10,   10,   10,   10,   10,   10,   10,   10,   10,   10,   10,   10,   10,   10 ]
[   10,   10,   10,   10,   10,   10,   10,   10,   10,   10,   10,   10,   10,   10,   10,   10,   10,   10,   10,   10,   10,   10,   10,   10,   10,   10,   10,   10,   10,   10,   10,   10,   10,   10,   10,   10,   10,   10,   10,   10,   10,   10,   10,   10,   10,   10,   10,   10,   10,   10 ]
[   10,   10,   10,   10,   10,   10,   10,   10,   10,   10,   10,   10,   10,   10,   10,   10,   10,   10,   10,   10,   10,   10,   10,   10,   10,   10,   10,   10,   10,   10,   10,   10,   10,   10,   10,   10,   10,   10,   10,   10,   10,   10,   10,   10,   10,   10,   10,   10,   10,   10 ]
[   10,   10,   10,   10,   10,   10,   10,   10,   10,   10,   10,   10,   10,   10,   10,   10,   10,   10,   10,   10,   10,   10,   10,   10,   10,   10,   10,   10,   10,   10,   10,   10,   10,   10,   10,   10,   10,   10,   10,   10,   10,   10,   10,   10,   10,   10,   10,   10,   10,   10 ]
[   10,   10,   10,   10,   10,   10,   10,   10,   10,   10,   10,   10,   10,   10,   10,   10,   10,   10,   10,   10,   10,   10,   10,   10,   10,   10,   10,   10,   10,   10,   10,   10,   10,   10,   10,   10,   10,   10,   10,   10,   10,   10,   10,   10,   10,   10,   10,   10,   10,   10 ]
[   10,   10,   10,   10,   10,   10,   10,   10,   10,   10,   10,   10,   10,   10,   10,   10,   10,   10,   10,   10,   10,   10,   10,   10,   10,   10,   10,   10,   10,   10,   10,   10,   10,   10,   10,   10,   10,   10,   10,   10,   10,   10,   10,   10,   10,   10,   10,   10,   10,   10 ]
[   10,   10,   10,   10,   10,   10,   10,   10,   10,   10,   10,   10,   10,   10,   10,   10,   10,   10,   10,   10,   10,   10,   10,   10,   10,   10,   10,   10,   10,   10,   10,   10,   10,   10,   10,   10,   10,   10,   10,   10,   10,   10,   10,   10,   10,   10,   10,   10,   10,   10 ]
];
