n=  50;
m=  50;
MM=[  563,  457,  470,  524,  550,  572,  527,  536,  558,  588,  437,  415,  591,  442,  442,  545,  546,  449,  412,  515,  522,  434,  453,  452,  526,  434,  521,  402,  410,  584,  429,  416,  549,  497,  445,  458,  404,  445,  574,  481,  555,  552,  432,  496,  478,  414,  489,  484,  527,  437 ];
AA=[  460,  406,  446,  382,  396,  385,  502,  391,  472,  506,  524,  389,  424,  497,  357,  540,  516,  458,  524,  544,  411,  484,  392,  452,  405,  352,  442,  405,  417,  526,  535,  548,  531,  393,  524,  481,  393,  487,  409,  427,  548,  508,  482,  532,  526,  404,  356,  409,  466,  412 ];
a=[
[2100,2300,1100,2100,1100,2100,500,4200,4100,2500,2800,2700,1600,3900,2700,1900,800,500,1700,1000,1900,1600,4400,900,900,2300,500,1700,1300,3800,2000,1000,2900,2500,4000,4100,1800,4000,4000,2900,4200,1900,3200,3400,2400,3300,2200,1600,1600,4400 ],
[4100,1400,3500,3100,3900,4100,1800,1200,4100,1700,1300,2700,3400,800,1900,2100,1500,3400,800,2800,1900,2300,500,2200,4000,2600,2500,1100,4400,900,2700,4000,2800,4300,4100,2500,4000,1900,3600,2000,2300,2700,3700,1300,2600,4000,2200,3900,1500,3900 ],
[2100,1700,500,500,900,1500,1200,4100,2200,2500,1300,2800,4000,1900,1600,3100,3800,500,1800,3700,2000,1800,1500,1100,4100,1200,1700,3500,2400,800,1300,2300,4200,900,1900,3900,2600,1700,2000,2900,2400,3700,2700,4400,800,2900,900,4400,1600,2700 ],
[2500,3000,1900,1400,3500,600,2600,3000,600,2700,800,3100,2800,1200,4100,1200,4300,3100,500,4400,500,1500,600,3600,600,1200,4300,1300,2600,4300,2800,3400,3300,1400,2000,1400,900,4200,4100,2000,1200,3100,3100,3300,1500,4100,1600,600,2100,1000 ],
[3000,3400,2000,1500,2900,3800,1200,3000,800,1500,1400,4100,3300,1700,1700,1300,2500,2300,1600,2400,1900,4200,3800,900,2600,3600,1400,3900,2900,1500,1500,1100,4100,3900,2700,3900,3800,900,4400,1900,600,1400,1100,2200,1600,1700,3000,1000,1200,4300 ],
[4400,800,1900,2600,2400,2300,4200,3800,4100,3000,700,3400,1100,2800,3200,3100,2100,1100,2500,2200,600,500,1400,1000,2500,2700,2900,4100,600,3400,1200,3600,3200,500,2400,1000,1300,3800,500,1800,3900,800,2400,2400,3300,2100,1600,2000,2600,800 ],
[2700,1900,2000,3300,4200,2000,3700,2700,2600,2600,4100,3400,3600,3900,2900,1600,2600,1900,2800,4400,3300,1200,4300,2300,1800,3500,2600,3300,1800,1400,1700,1900,800,900,2800,1600,2000,3800,3600,900,3000,3500,3000,500,2800,1100,3500,3800,1900,2600 ],
[3200,1300,4300,3400,1900,1700,3400,600,1600,2900,4000,1800,3800,2700,1600,3000,3500,600,3100,3800,2300,900,800,2100,3000,2400,2800,2600,4300,2100,600,3400,900,2000,2600,3500,2100,2400,2400,4300,3100,1700,2200,3800,700,700,2500,2900,2400,4000 ],
[3500,1000,900,4100,3300,2400,1700,1000,1000,3800,3200,2700,3300,3200,4400,4300,1000,2700,3800,1300,4200,2100,1700,900,3500,3600,3100,900,1400,1800,4200,1900,2600,500,1700,900,500,1200,1000,800,800,3800,1500,3100,3300,3900,4200,4400,1700,3800 ],
[2600,500,900,2100,4300,2000,1000,1200,600,3400,1000,4000,3300,2600,3500,900,3800,3000,700,4400,2700,2300,2700,1600,3500,4200,2400,2100,900,900,2500,3400,3300,3500,3500,1600,1700,2800,1000,4400,2000,3800,4400,600,4400,600,700,2900,3700,3600 ],
[3000,2200,700,2500,1000,3800,500,2300,3000,1200,1100,2300,900,4000,3800,2900,1000,2300,800,1400,3700,1000,3300,900,3100,1400,2100,900,500,900,2600,1100,800,2000,900,2700,3600,1200,2900,600,4000,3400,1700,3900,1700,1900,2900,1000,1300,2900 ],
[700,4200,2600,2400,3300,900,1500,2900,1300,2800,700,2900,3100,3200,2400,4000,1300,500,3700,4100,4100,2200,1100,1800,1200,3100,1600,3200,700,1000,2900,3000,4300,2000,900,4000,4100,1200,4300,800,600,3800,2400,3000,600,2900,2300,1000,4000,1700 ],
[4400,2700,800,1100,2100,4300,700,3500,500,3800,2200,3600,2600,2900,2800,1700,3200,800,2700,2600,800,1200,1100,3800,2600,1100,3700,2600,1900,2700,3200,500,2200,3000,500,2600,3800,1500,3000,3300,2200,1400,1500,2900,4100,3800,3300,2800,4000,3700 ],
[3200,1100,1100,1200,1600,900,1700,2700,2000,1900,1000,3800,1000,3400,3100,2900,1800,3700,3400,3000,1100,2600,1800,3500,1700,2200,1500,3500,1100,1000,3000,3600,800,4300,3600,800,3100,3800,3600,3300,2300,1900,1800,3400,3700,1300,2700,4000,2400,4200 ],
[2600,1000,2000,4200,2100,3500,3100,2100,3200,800,3500,4100,1700,2800,1800,2700,3200,2700,800,3100,4000,4100,4300,800,1500,1900,1700,1300,2200,3700,3100,3600,3800,2700,2800,1100,1500,600,3000,500,700,3300,1800,500,2900,3900,3400,2400,3700,4400 ],
[3600,4000,1900,4300,800,2200,3300,4200,1300,2900,500,3400,3800,600,1800,2000,2600,600,1800,3600,3700,700,3600,3500,3500,2800,3300,1000,2000,700,1200,2100,2900,2000,4100,600,1700,3000,1500,4100,1000,1800,1700,4000,3300,1100,4000,3700,2700,4100 ],
[4400,3500,700,3300,4400,2400,4000,3900,1000,4100,1000,2300,4400,3200,3800,2700,700,3800,2000,1500,600,4200,3400,2100,3800,2500,3700,2400,2600,3200,2400,3700,2500,800,2300,2100,1800,2000,2900,1100,3600,2900,3000,3200,2600,1400,1700,2300,1500,2400 ],
[1500,1100,3900,3800,2900,4200,2300,3600,1800,1200,2100,3000,3000,1500,600,1900,2200,4400,1400,1400,3800,3900,4300,3100,1500,2500,1700,1700,1900,3100,4000,2600,1500,2800,1000,3300,2200,800,2000,3900,1900,1400,3500,4300,3800,2100,2800,3000,3000,2600 ],
[3200,3900,2300,2200,1900,2000,1100,3000,4100,3600,3900,1800,1000,700,4100,600,4200,3700,4000,900,1700,3500,3000,2200,700,3000,2500,4300,900,2100,4300,2600,1800,2200,2300,2000,800,1000,1500,2400,800,1500,1200,1400,1100,2500,4400,2200,500,2700 ],
[3200,1800,1400,2800,3500,2200,3800,2000,2400,1300,2100,3200,2800,3500,2300,1400,3400,2000,2800,1100,1400,2100,3200,500,1300,3300,4200,3900,2700,4200,3300,3200,2400,1100,2800,1600,4400,3200,3800,2800,1300,500,1200,3800,4300,1700,4400,3600,1600,900 ],
[3500,3200,2600,2400,3600,900,1900,2900,2000,2300,4300,700,500,600,700,900,1200,3600,2200,2500,3900,1900,2600,3800,600,3400,3700,3100,2500,3700,800,1700,3900,3800,2000,3300,2500,1200,2600,2400,1700,1100,3600,3200,2800,3000,900,3400,1300,600 ],
[4400,4400,4100,2600,4300,3100,2400,3400,900,2500,1300,1500,900,4100,2500,3600,3500,3900,1300,3400,1300,1800,2000,1600,4100,4400,3200,3800,2100,3100,1600,3900,1200,900,1000,2900,2000,900,3900,2700,900,600,4300,1300,2100,3500,3600,2800,2200,2600 ],
[1700,3600,1600,3900,1200,2700,2300,2300,1400,700,3300,2900,2100,600,2300,3000,3500,3600,1600,2000,2400,2400,1700,2800,1500,600,4300,4200,900,1400,4000,1300,2000,1400,1600,1300,1200,1200,3600,4300,3700,500,3700,2100,4100,1800,4300,1200,1500,500 ],
[3000,1300,2300,1100,2400,4300,1300,1500,3900,2400,1600,3500,2200,1000,1200,2700,1100,1500,3300,3800,2800,3000,2900,2800,2600,4200,2800,2400,2700,1100,1000,4100,4200,4200,4100,3400,3200,1400,2800,2900,900,2900,2500,800,800,2100,2800,4400,2100,1700 ],
[700,3000,3600,4400,2300,3900,3100,900,2800,900,4400,3900,700,3600,1200,2400,3300,3600,1300,3600,3800,600,3800,2500,2200,800,3100,4300,2700,2300,700,1900,1800,900,2700,3800,4000,900,500,4400,2200,3800,3000,1900,4200,3100,4100,1800,3400,1800 ],
[3000,2000,4300,3100,900,2700,600,2900,3400,2600,1700,2900,3000,4200,2700,1600,1900,1800,4300,3900,2400,3300,1000,1400,3500,2800,3100,1700,1000,2600,3200,4100,3600,700,3200,3800,500,1000,3100,2200,3100,3400,800,3500,1200,900,3200,3000,4100,4400 ],
[2300,3600,4100,2100,4200,3800,1700,1500,2000,1000,2100,3600,1200,2200,3500,1500,1900,1000,3200,3300,1000,1800,2600,4400,1900,4200,1500,2900,2400,900,1300,2600,3700,3600,1100,2100,3000,900,500,500,1900,1600,3900,1500,3500,1800,4300,3000,4200,1600 ],
[1600,3900,2800,4400,1400,2400,3100,4100,4300,3200,3100,600,2500,1100,700,4400,1100,500,1600,2300,2000,1200,4300,2800,500,3700,3500,2100,500,1600,600,1500,4200,1200,2800,600,2000,1700,3400,900,4000,1200,3800,1500,1600,1800,3900,3200,3600,3200 ],
[2000,1600,3400,700,3400,2900,4400,3600,2500,600,3600,2700,4100,1300,3700,2300,800,1000,2200,2000,2100,3200,900,2600,2400,800,2000,3700,2700,2000,4400,4000,4000,4200,600,3100,1900,2900,2100,1000,1100,4000,2300,1200,2400,2400,800,2200,2100,3600 ],
[2500,2000,3300,2400,1600,3300,4300,1300,3700,3400,1000,3600,3200,1400,500,3100,1000,4000,3100,2500,2100,2200,3600,1500,2500,1100,1500,3200,4400,4400,1600,2600,2600,4200,3500,700,2600,1700,2500,3900,4000,2600,1200,3800,3900,2000,2200,3200,2800,2300 ],
[2700,4400,2900,3600,1900,3400,2700,4000,2100,2600,3300,700,3800,3800,1500,1800,3800,3200,2600,2400,1800,3000,1300,4400,4300,3000,2300,700,1500,1500,3300,4200,1200,1900,1300,4000,3300,2500,3000,500,3700,500,2400,3200,2700,900,1000,3900,1900,1600 ],
[2200,4300,2200,3200,2900,1300,1900,2500,2400,800,4200,2400,3000,3100,3500,3500,4000,4400,2800,900,4100,2800,3900,1700,2700,4400,2000,3400,1900,2500,3900,2600,4300,700,3600,2500,1300,3000,4000,500,4300,1900,1500,2400,1300,3800,3100,4000,3700,4300 ],
[2900,2700,4200,4200,3200,3700,1200,900,2800,500,4300,1000,700,3700,1500,3200,1100,900,1900,4400,3400,3700,3900,3800,2500,1600,800,2600,2100,1400,3300,1400,1800,1800,2200,3500,600,800,3100,1900,3800,1400,3300,2400,3700,1100,800,1500,1800,4300 ],
[3400,2100,3200,4000,1500,2700,1700,4100,2900,2700,3100,4300,3700,3600,900,2000,2200,500,1600,4100,1500,600,1300,3100,900,600,700,2000,3200,4000,3900,4300,1300,1500,1400,1900,1200,3300,3100,1700,4400,2900,1300,4200,3800,1500,1700,800,1400,800 ],
[2200,1500,1700,2800,1100,2200,2300,1000,4200,4300,3500,1000,1500,2400,500,1800,2300,2700,3300,2200,4300,2100,1000,1300,600,3600,800,3600,700,1600,2000,2700,1200,1900,1000,2300,2700,3300,3800,4400,3400,600,2900,1400,4200,1700,2500,3100,800,700 ],
[4200,600,600,600,3400,3300,1100,3400,1600,800,2400,1400,3300,2400,3700,2800,600,1600,3000,2700,700,2700,3700,2400,600,4400,1000,3400,2300,3100,2400,2700,4100,4000,700,600,1500,1500,3900,3500,3500,2500,2600,3300,1700,1100,1500,2500,2100,3300 ],
[500,600,3400,3400,3400,4200,1600,3300,600,2300,3700,700,3200,600,3700,2200,2900,1100,4200,3900,2300,2900,1600,4200,800,4000,2500,1300,1000,4400,3000,2100,3400,1100,1200,1000,1100,3100,1300,2000,3300,3100,3700,4200,1800,3000,3300,1200,3100,1100 ],
[3400,1800,2300,2900,1300,3900,4100,2200,4300,3000,3100,4300,700,1500,1400,3900,2700,1500,4200,3000,900,2400,900,4400,4300,2900,3300,3300,3600,3400,2700,3200,2200,1800,2600,4000,1800,1800,2900,2200,2600,3200,3100,3100,800,800,1600,600,3400,2100 ],
[600,2700,3800,900,700,2300,600,3900,3500,3700,1200,3500,800,2000,2600,1900,2300,1300,600,4300,3500,2300,2000,600,3300,2500,1200,4100,800,2600,2000,3600,2600,3800,3500,4300,1600,3200,600,3300,800,3300,800,500,1800,3800,1800,3300,1000,900 ],
[1200,4400,3600,2500,4100,2900,4000,900,3400,3300,1400,1300,4100,1700,3200,2700,3500,1500,2200,2800,1600,2400,4000,1900,3200,1800,4000,2600,4100,2600,3000,3500,1100,1200,4300,600,3700,3300,600,1500,1300,3100,3200,3500,2400,3700,4000,2600,1300,3900 ],
[500,3000,1800,4200,500,4200,1200,3000,3000,600,600,3500,1200,800,3900,4100,2600,4400,500,4200,2700,500,700,4300,3800,4300,800,4000,3100,1500,600,1000,2000,3300,600,800,4300,3700,3600,4000,4100,3400,1700,1400,900,3200,3200,1000,2900,3200 ],
[3500,1300,2500,2600,3600,3800,2200,2200,2200,600,3100,4300,3000,700,4100,1100,2400,1400,4000,2600,3600,1100,2100,700,900,2600,4200,3900,2700,1800,1100,4400,2500,3800,3000,1700,3900,3200,3000,3800,4300,2600,3200,2600,4200,1500,3400,3600,500,1000 ],
[2800,4000,1900,2800,1400,1800,2500,1000,1400,3000,4300,3200,600,1000,500,2000,1500,4200,3700,4200,4300,3300,4400,2400,3400,2900,2200,3700,4200,3700,1500,3400,2200,4000,3900,2200,3800,3900,2100,1700,3700,3400,3800,3600,700,4000,1500,3600,2000,1400 ],
[1100,800,1900,2800,2300,3700,3800,2400,800,2300,2300,4400,1000,2000,2500,3100,2400,4300,1000,4000,2300,1200,2700,2800,3000,4300,4000,2100,2700,1600,3000,1400,2300,3400,1100,4400,1300,1800,1500,1300,1800,2400,1300,2100,3500,3600,2600,3000,2900,2700 ],
[2000,3000,700,3100,2600,1500,2000,4400,500,1800,2200,2400,1600,1300,1500,2700,600,1700,3500,2900,2000,2400,1400,3600,4100,3500,2900,4100,3800,2000,2500,3100,1300,1600,2100,2500,4100,3100,2800,1800,4300,3400,3200,1500,1500,2800,1000,1500,1000,4200 ],
[2100,900,3100,3500,1500,3700,1200,600,1800,700,2000,3200,2600,3900,3300,4100,2200,1800,700,1400,1400,4200,4400,1200,2100,3900,900,4400,3200,3300,4100,1400,1500,600,3700,1100,2400,2800,2700,3600,4000,4100,3800,2700,600,3300,1600,2800,3800,2700 ],
[2100,1600,4100,2100,1900,3000,4100,3800,500,1600,2400,3700,1600,2300,1000,2400,2700,2400,2100,3200,2400,4400,2600,2100,2200,1100,1800,4100,3600,1900,900,2100,2900,3400,3100,4000,1200,2800,3700,900,3700,2400,1200,2500,2500,4100,3000,2100,4100,1800 ],
[1000,1900,1500,600,3300,4100,800,4300,3900,1500,2100,1100,2300,4300,2000,1200,500,800,2400,4000,4400,4000,4300,4000,2100,3900,1400,3400,1000,2500,4000,4000,1300,1800,700,3700,1200,500,1800,2400,4400,2900,3700,4300,4200,1100,3000,500,900,1700 ],
[900,4000,2600,3300,3000,4200,3800,700,2600,900,3700,1900,3300,1000,3400,4300,500,3100,4300,3200,1900,2900,1000,3800,4200,2900,1700,3200,2000,1400,2500,2300,4000,2200,4100,2300,2600,1600,800,1400,3900,1100,2600,1900,3400,3300,1800,1000,700,1900 ],
[1900,1300,500,1700,3300,4400,1200,4300,800,900,3800,3000,1900,4400,2400,3500,3500,1900,800,3600,3900,3500,700,4100,4300,3400,2300,4200,900,2100,900,1000,4100,1400,3400,3600,1100,900,2000,3500,2700,3900,1600,3000,1600,4100,2200,2700,4400,4000 ]
];
c=[
[50,70,108,115,52,58,75,74,73,110,92,102,109,88,61,88,87,67,115,58,87,100,104,29,40,60,60,108,45,23,101,116,108,92,105,48,49,75,70,85,91,55,52,23,29,34,115,103,73,119 ],
[75,25,81,94,94,110,37,99,62,27,44,97,89,94,35,110,68,47,118,52,98,97,112,94,77,49,42,30,109,48,92,36,65,62,36,43,105,33,112,57,70,45,86,106,57,96,25,92,74,73 ],
[97,78,31,65,42,43,88,60,94,80,103,117,46,20,34,109,87,107,76,69,55,60,53,98,84,102,102,104,39,26,99,93,66,34,20,23,101,89,52,94,116,36,85,35,104,95,36,112,107,40 ],
[117,71,66,104,33,79,39,83,52,38,101,119,119,84,43,99,90,93,22,89,94,49,31,93,68,62,96,104,23,28,109,94,20,75,62,57,82,38,44,91,57,46,100,100,115,30,85,44,45,76 ],
[53,70,86,80,48,90,94,88,117,110,50,118,44,115,51,99,73,56,25,84,77,115,99,112,86,117,67,23,89,40,65,56,57,30,52,99,68,115,31,39,26,97,75,53,103,42,52,44,42,109 ],
[38,84,108,88,82,52,78,41,57,61,89,49,105,102,109,36,71,76,79,98,71,71,48,70,55,112,116,114,42,94,28,93,47,60,96,91,38,115,54,59,70,53,61,31,97,65,100,26,69,39 ],
[58,116,36,74,68,52,51,82,52,60,117,117,103,57,32,97,88,45,27,80,60,81,91,114,116,39,52,76,34,109,26,74,74,91,73,72,40,88,22,55,118,109,51,62,53,20,23,32,119,23 ],
[33,64,104,38,107,66,108,25,55,53,29,64,74,25,82,90,54,119,77,44,33,35,62,82,91,61,79,70,102,65,117,37,68,112,58,80,107,41,29,31,67,95,117,39,95,93,26,25,82,104 ],
[61,104,48,30,70,97,64,31,94,66,103,49,95,49,72,106,60,77,81,77,108,99,29,82,44,55,25,38,41,55,81,49,34,76,32,58,66,68,71,69,27,39,110,99,56,64,109,56,109,119 ],
[21,20,115,65,55,81,72,100,48,76,50,83,106,107,104,84,54,45,115,101,92,56,21,87,61,85,95,32,70,109,71,20,20,25,59,58,37,38,75,35,102,83,66,57,36,65,43,74,83,24 ],
[20,102,81,56,33,82,44,37,91,50,74,43,74,108,74,53,89,106,44,84,41,90,76,92,89,71,78,43,86,115,88,36,23,69,70,115,32,63,98,41,116,60,65,69,111,38,77,76,89,30 ],
[21,31,72,66,112,92,110,63,65,94,34,91,43,29,106,95,68,64,103,42,116,41,31,48,115,31,39,79,30,69,87,47,89,75,86,33,100,33,108,20,56,102,51,112,21,59,89,71,60,114 ],
[46,99,39,39,83,45,22,106,80,26,30,119,48,69,48,95,114,33,85,20,52,69,38,86,65,104,98,93,31,81,107,61,72,86,63,97,111,31,110,102,117,91,80,119,75,103,71,53,99,78 ],
[62,118,99,87,22,97,67,115,50,101,31,105,47,81,110,24,33,31,41,26,29,64,101,106,82,71,111,52,110,92,101,49,79,49,95,93,49,118,114,114,56,64,27,119,95,37,98,106,48,118 ],
[91,100,58,65,44,26,41,82,39,114,93,41,94,98,32,91,77,53,85,66,26,88,96,69,96,94,43,71,94,94,56,91,64,65,101,113,24,23,62,71,80,83,25,108,63,48,73,82,69,78 ],
[20,91,87,47,52,112,52,95,57,110,65,20,58,41,56,81,88,50,82,92,52,60,93,48,86,86,110,92,103,119,85,25,76,74,46,21,107,97,51,84,82,62,95,89,107,117,50,50,76,48 ],
[23,47,21,84,79,91,34,51,50,93,75,53,27,95,96,30,114,57,46,34,86,118,39,21,81,71,106,27,117,23,50,115,117,23,79,81,75,94,103,62,113,85,93,95,88,35,53,108,70,27 ],
[54,44,91,48,26,60,34,113,112,35,20,94,119,89,97,75,38,100,60,30,104,59,41,70,115,115,48,37,46,87,52,20,21,52,37,23,117,37,80,26,30,64,108,102,20,43,60,77,112,97 ],
[49,69,25,67,92,24,47,39,78,39,100,82,65,46,35,94,36,83,61,92,57,97,119,94,22,34,117,81,70,26,117,35,98,76,28,92,37,90,49,51,36,23,67,38,79,37,87,112,37,68 ],
[87,49,119,78,90,64,90,119,101,41,50,37,68,86,102,113,55,23,61,83,33,93,71,119,24,35,26,43,70,56,30,111,98,114,34,95,104,69,30,33,86,93,90,46,84,29,94,34,23,34 ],
[65,89,60,65,20,98,77,84,103,35,78,85,43,40,74,75,83,43,76,63,48,98,118,41,46,111,86,51,47,92,24,79,62,61,44,25,109,80,57,31,70,106,106,65,43,79,72,104,62,88 ],
[68,59,40,79,65,21,34,107,94,47,73,33,30,96,79,28,52,89,54,30,23,51,52,67,53,68,36,48,25,56,81,65,98,24,91,89,23,101,36,32,32,119,24,98,87,107,58,83,100,29 ],
[58,56,58,57,38,51,116,77,68,60,44,67,62,80,34,88,74,85,116,83,98,103,24,78,87,25,117,114,54,93,57,78,115,113,74,91,82,110,97,82,24,26,114,58,45,111,96,34,54,70 ],
[93,103,31,58,96,43,94,47,22,105,38,96,43,23,109,101,109,28,101,116,96,79,27,50,100,32,80,103,53,107,82,89,30,26,108,55,77,39,111,90,77,49,94,97,31,113,109,67,26,78 ],
[75,64,119,73,39,33,40,74,33,73,30,105,99,38,29,54,68,72,95,100,46,78,34,97,119,74,44,51,78,99,118,82,49,66,69,78,62,72,51,53,86,109,100,89,35,54,119,119,113,109 ],
[82,69,46,30,25,85,26,74,56,100,64,35,100,115,34,57,53,113,37,56,26,20,31,69,89,74,109,20,57,86,109,83,69,94,94,59,54,30,39,116,94,80,106,55,117,83,102,90,79,108 ],
[43,72,33,109,77,80,74,34,30,66,24,56,87,35,90,33,117,74,104,33,101,87,37,69,33,86,39,27,91,41,58,98,100,103,119,37,45,41,85,102,95,66,29,58,40,23,82,51,76,79 ],
[35,78,64,46,113,103,61,100,64,119,102,103,101,28,65,24,106,105,73,21,101,67,90,40,108,57,28,29,82,22,74,75,81,29,97,21,105,77,96,115,115,65,101,93,119,50,36,109,94,93 ],
[111,57,55,77,92,52,22,51,73,51,27,25,54,56,57,37,83,112,45,40,33,93,42,104,116,44,29,23,48,24,57,69,22,61,30,37,64,113,60,68,62,111,58,50,95,112,49,33,117,88 ],
[117,104,57,41,23,106,43,114,46,115,76,33,48,80,85,110,62,111,60,77,37,72,44,50,117,93,117,29,24,32,110,89,58,34,39,113,59,76,39,77,87,101,35,94,96,56,93,55,36,119 ],
[23,47,94,58,36,28,48,58,79,89,24,31,87,24,54,55,43,107,82,51,25,31,71,64,77,61,106,113,52,116,92,40,84,67,100,54,116,28,95,58,78,66,67,110,87,75,46,51,20,67 ],
[48,99,87,92,20,95,96,82,59,46,82,84,20,112,64,30,49,22,26,50,104,112,52,33,49,32,61,90,23,62,110,83,39,25,75,97,55,94,22,102,115,34,119,119,60,28,74,73,62,54 ],
[74,117,24,47,76,56,40,43,76,93,27,87,42,88,65,62,103,103,101,66,25,60,107,41,112,52,105,41,111,76,88,79,30,72,105,100,65,98,90,73,114,73,53,81,35,62,63,80,50,87 ],
[82,26,116,90,48,111,22,85,101,60,65,68,101,55,30,77,97,113,73,115,22,31,69,93,46,59,96,31,94,78,56,49,26,96,43,24,26,73,27,90,43,55,112,22,102,75,73,115,53,38 ],
[93,62,39,113,49,83,102,92,23,65,49,92,29,105,61,106,93,86,105,35,117,108,78,49,117,55,118,64,21,89,28,34,57,86,119,96,79,47,70,110,100,78,43,86,38,95,118,94,93,98 ],
[26,93,98,52,107,28,37,30,104,79,103,24,77,67,37,29,115,39,95,57,50,100,102,34,118,61,118,76,27,106,108,74,108,23,89,104,80,32,116,57,39,113,109,63,57,112,43,32,59,85 ],
[47,56,94,109,94,37,44,49,68,29,22,96,44,27,44,83,22,118,98,61,86,90,32,87,95,71,29,51,24,28,58,60,102,57,104,38,27,39,116,115,48,53,38,23,45,64,106,116,46,117 ],
[117,71,71,26,116,59,80,32,52,75,67,46,97,73,37,42,35,48,44,37,55,56,87,68,111,58,92,86,40,46,20,94,41,78,81,112,51,118,48,50,88,81,102,111,36,113,48,67,95,59 ],
[75,73,111,103,74,113,79,77,109,90,72,81,21,113,28,53,117,37,24,85,46,52,101,75,94,43,113,56,40,55,39,47,42,36,58,20,64,49,81,66,56,69,101,111,38,109,86,28,69,36 ],
[50,116,86,83,56,71,49,58,42,57,35,100,78,46,52,57,100,103,75,57,59,116,33,112,104,110,74,86,75,90,115,90,67,99,43,109,20,91,111,65,112,58,69,68,73,49,104,115,62,80 ],
[92,37,55,28,79,101,36,33,46,118,106,85,23,24,42,52,58,115,62,63,65,71,91,79,91,92,36,104,85,34,102,115,59,112,113,110,73,114,26,119,87,52,45,118,49,110,69,31,33,109 ],
[51,24,32,77,22,26,65,79,31,21,71,81,99,100,88,22,79,77,32,27,82,90,41,102,104,51,40,63,68,21,38,117,58,20,75,79,26,88,68,104,74,64,28,72,63,65,54,30,100,55 ],
[113,107,86,50,69,54,50,101,30,47,83,41,103,86,58,103,94,69,99,34,92,113,32,57,110,66,27,68,96,117,24,74,109,20,100,87,44,64,102,47,43,67,89,42,26,83,24,34,30,35 ],
[115,20,42,23,23,81,61,67,53,104,116,88,103,74,57,26,58,71,54,60,29,24,93,77,85,110,65,97,32,80,62,59,23,80,40,119,119,75,112,26,29,98,83,63,89,102,30,78,75,54 ],
[100,36,52,25,80,74,97,60,45,36,60,119,107,118,49,35,117,58,40,36,87,37,68,109,26,87,33,113,40,28,40,72,99,61,43,101,97,101,77,45,54,27,88,33,22,87,97,86,24,69 ],
[61,119,94,42,111,28,42,23,93,69,38,22,118,43,81,72,28,59,23,45,104,46,44,20,97,115,105,32,45,119,20,48,106,35,34,26,27,80,90,55,24,42,116,100,54,70,89,77,81,67 ],
[28,42,84,79,32,83,68,64,89,118,51,101,83,63,52,56,96,21,108,22,92,88,85,110,104,100,66,35,83,53,30,49,69,70,49,92,98,106,86,88,50,104,46,82,102,52,27,109,57,103 ],
[75,44,36,44,35,59,69,51,50,107,33,48,53,86,95,53,59,69,87,98,37,102,100,44,41,97,83,25,110,80,85,94,76,68,74,70,35,83,21,83,79,34,26,82,82,118,42,60,97,21 ],
[106,89,106,28,93,88,119,61,42,58,33,113,35,62,84,51,21,30,49,85,106,116,101,50,62,43,98,43,35,107,77,97,29,30,84,97,119,81,44,72,112,102,79,110,53,119,98,81,57,110 ],
[42,73,109,69,42,69,56,91,36,116,88,54,37,76,92,91,60,49,110,63,55,114,41,76,82,29,71,23,47,78,26,115,78,65,57,54,105,90,37,54,79,51,106,106,41,71,96,63,26,29 ]
];
mm_=[
[   10,   10,   10,   10,   10,   10,   10,   10,   10,   10,   10,   10,   10,   10,   10,   10,   10,   10,   10,   10,   10,   10,   10,   10,   10,   10,   10,   10,   10,   10,   10,   10,   10,   10,   10,   10,   10,   10,   10,   10,   10,   10,   10,   10,   10,   10,   10,   10,   10,   10 ]
[   10,   10,   10,   10,   10,   10,   10,   10,   10,   10,   10,   10,   10,   10,   10,   10,   10,   10,   10,   10,   10,   10,   10,   10,   10,   10,   10,   10,   10,   10,   10,   10,   10,   10,   10,   10,   10,   10,   10,   10,   10,   10,   10,   10,   10,   10,   10,   10,   10,   10 ]
[   10,   10,   10,   10,   10,   10,   10,   10,   10,   10,   10,   10,   10,   10,   10,   10,   10,   10,   10,   10,   10,   10,   10,   10,   10,   10,   10,   10,   10,   10,   10,   10,   10,   10,   10,   10,   10,   10,   10,   10,   10,   10,   10,   10,   10,   10,   10,   10,   10,   10 ]
[   10,   10,   10,   10,   10,   10,   10,   10,   10,   10,   10,   10,   10,   10,   10,   10,   10,   10,   10,   10,   10,   10,   10,   10,   10,   10,   10,   10,   10,   10,   10,   10,   10,   10,   10,   10,   10,   10,   10,   10,   10,   10,   10,   10,   10,   10,   10,   10,   10,   10 ]
[   10,   10,   10,   10,   10,   10,   10,   10,   10,   10,   10,   10,   10,   10,   10,   10,   10,   10,   10,   10,   10,   10,   10,   10,   10,   10,   10,   10,   10,   10,   10,   10,   10,   10,   10,   10,   10,   10,   10,   10,   10,   10,   10,   10,   10,   10,   10,   10,   10,   10 ]
[   10,   10,   10,   10,   10,   10,   10,   10,   10,   10,   10,   10,   10,   10,   10,   10,   10,   10,   10,   10,   10,   10,   10,   10,   10,   10,   10,   10,   10,   10,   10,   10,   10,   10,   10,   10,   10,   10,   10,   10,   10,   10,   10,   10,   10,   10,   10,   10,   10,   10 ]
[   10,   10,   10,   10,   10,   10,   10,   10,   10,   10,   10,   10,   10,   10,   10,   10,   10,   10,   10,   10,   10,   10,   10,   10,   10,   10,   10,   10,   10,   10,   10,   10,   10,   10,   10,   10,   10,   10,   10,   10,   10,   10,   10,   10,   10,   10,   10,   10,   10,   10 ]
[   10,   10,   10,   10,   10,   10,   10,   10,   10,   10,   10,   10,   10,   10,   10,   10,   10,   10,   10,   10,   10,   10,   10,   10,   10,   10,   10,   10,   10,   10,   10,   10,   10,   10,   10,   10,   10,   10,   10,   10,   10,   10,   10,   10,   10,   10,   10,   10,   10,   10 ]
[   10,   10,   10,   10,   10,   10,   10,   10,   10,   10,   10,   10,   10,   10,   10,   10,   10,   10,   10,   10,   10,   10,   10,   10,   10,   10,   10,   10,   10,   10,   10,   10,   10,   10,   10,   10,   10,   10,   10,   10,   10,   10,   10,   10,   10,   10,   10,   10,   10,   10 ]
[   10,   10,   10,   10,   10,   10,   10,   10,   10,   10,   10,   10,   10,   10,   10,   10,   10,   10,   10,   10,   10,   10,   10,   10,   10,   10,   10,   10,   10,   10,   10,   10,   10,   10,   10,   10,   10,   10,   10,   10,   10,   10,   10,   10,   10,   10,   10,   10,   10,   10 ]
[   10,   10,   10,   10,   10,   10,   10,   10,   10,   10,   10,   10,   10,   10,   10,   10,   10,   10,   10,   10,   10,   10,   10,   10,   10,   10,   10,   10,   10,   10,   10,   10,   10,   10,   10,   10,   10,   10,   10,   10,   10,   10,   10,   10,   10,   10,   10,   10,   10,   10 ]
[   10,   10,   10,   10,   10,   10,   10,   10,   10,   10,   10,   10,   10,   10,   10,   10,   10,   10,   10,   10,   10,   10,   10,   10,   10,   10,   10,   10,   10,   10,   10,   10,   10,   10,   10,   10,   10,   10,   10,   10,   10,   10,   10,   10,   10,   10,   10,   10,   10,   10 ]
[   10,   10,   10,   10,   10,   10,   10,   10,   10,   10,   10,   10,   10,   10,   10,   10,   10,   10,   10,   10,   10,   10,   10,   10,   10,   10,   10,   10,   10,   10,   10,   10,   10,   10,   10,   10,   10,   10,   10,   10,   10,   10,   10,   10,   10,   10,   10,   10,   10,   10 ]
[   10,   10,   10,   10,   10,   10,   10,   10,   10,   10,   10,   10,   10,   10,   10,   10,   10,   10,   10,   10,   10,   10,   10,   10,   10,   10,   10,   10,   10,   10,   10,   10,   10,   10,   10,   10,   10,   10,   10,   10,   10,   10,   10,   10,   10,   10,   10,   10,   10,   10 ]
[   10,   10,   10,   10,   10,   10,   10,   10,   10,   10,   10,   10,   10,   10,   10,   10,   10,   10,   10,   10,   10,   10,   10,   10,   10,   10,   10,   10,   10,   10,   10,   10,   10,   10,   10,   10,   10,   10,   10,   10,   10,   10,   10,   10,   10,   10,   10,   10,   10,   10 ]
[   10,   10,   10,   10,   10,   10,   10,   10,   10,   10,   10,   10,   10,   10,   10,   10,   10,   10,   10,   10,   10,   10,   10,   10,   10,   10,   10,   10,   10,   10,   10,   10,   10,   10,   10,   10,   10,   10,   10,   10,   10,   10,   10,   10,   10,   10,   10,   10,   10,   10 ]
[   10,   10,   10,   10,   10,   10,   10,   10,   10,   10,   10,   10,   10,   10,   10,   10,   10,   10,   10,   10,   10,   10,   10,   10,   10,   10,   10,   10,   10,   10,   10,   10,   10,   10,   10,   10,   10,   10,   10,   10,   10,   10,   10,   10,   10,   10,   10,   10,   10,   10 ]
[   10,   10,   10,   10,   10,   10,   10,   10,   10,   10,   10,   10,   10,   10,   10,   10,   10,   10,   10,   10,   10,   10,   10,   10,   10,   10,   10,   10,   10,   10,   10,   10,   10,   10,   10,   10,   10,   10,   10,   10,   10,   10,   10,   10,   10,   10,   10,   10,   10,   10 ]
[   10,   10,   10,   10,   10,   10,   10,   10,   10,   10,   10,   10,   10,   10,   10,   10,   10,   10,   10,   10,   10,   10,   10,   10,   10,   10,   10,   10,   10,   10,   10,   10,   10,   10,   10,   10,   10,   10,   10,   10,   10,   10,   10,   10,   10,   10,   10,   10,   10,   10 ]
[   10,   10,   10,   10,   10,   10,   10,   10,   10,   10,   10,   10,   10,   10,   10,   10,   10,   10,   10,   10,   10,   10,   10,   10,   10,   10,   10,   10,   10,   10,   10,   10,   10,   10,   10,   10,   10,   10,   10,   10,   10,   10,   10,   10,   10,   10,   10,   10,   10,   10 ]
[   10,   10,   10,   10,   10,   10,   10,   10,   10,   10,   10,   10,   10,   10,   10,   10,   10,   10,   10,   10,   10,   10,   10,   10,   10,   10,   10,   10,   10,   10,   10,   10,   10,   10,   10,   10,   10,   10,   10,   10,   10,   10,   10,   10,   10,   10,   10,   10,   10,   10 ]
[   10,   10,   10,   10,   10,   10,   10,   10,   10,   10,   10,   10,   10,   10,   10,   10,   10,   10,   10,   10,   10,   10,   10,   10,   10,   10,   10,   10,   10,   10,   10,   10,   10,   10,   10,   10,   10,   10,   10,   10,   10,   10,   10,   10,   10,   10,   10,   10,   10,   10 ]
[   10,   10,   10,   10,   10,   10,   10,   10,   10,   10,   10,   10,   10,   10,   10,   10,   10,   10,   10,   10,   10,   10,   10,   10,   10,   10,   10,   10,   10,   10,   10,   10,   10,   10,   10,   10,   10,   10,   10,   10,   10,   10,   10,   10,   10,   10,   10,   10,   10,   10 ]
[   10,   10,   10,   10,   10,   10,   10,   10,   10,   10,   10,   10,   10,   10,   10,   10,   10,   10,   10,   10,   10,   10,   10,   10,   10,   10,   10,   10,   10,   10,   10,   10,   10,   10,   10,   10,   10,   10,   10,   10,   10,   10,   10,   10,   10,   10,   10,   10,   10,   10 ]
[   10,   10,   10,   10,   10,   10,   10,   10,   10,   10,   10,   10,   10,   10,   10,   10,   10,   10,   10,   10,   10,   10,   10,   10,   10,   10,   10,   10,   10,   10,   10,   10,   10,   10,   10,   10,   10,   10,   10,   10,   10,   10,   10,   10,   10,   10,   10,   10,   10,   10 ]
[   10,   10,   10,   10,   10,   10,   10,   10,   10,   10,   10,   10,   10,   10,   10,   10,   10,   10,   10,   10,   10,   10,   10,   10,   10,   10,   10,   10,   10,   10,   10,   10,   10,   10,   10,   10,   10,   10,   10,   10,   10,   10,   10,   10,   10,   10,   10,   10,   10,   10 ]
[   10,   10,   10,   10,   10,   10,   10,   10,   10,   10,   10,   10,   10,   10,   10,   10,   10,   10,   10,   10,   10,   10,   10,   10,   10,   10,   10,   10,   10,   10,   10,   10,   10,   10,   10,   10,   10,   10,   10,   10,   10,   10,   10,   10,   10,   10,   10,   10,   10,   10 ]
[   10,   10,   10,   10,   10,   10,   10,   10,   10,   10,   10,   10,   10,   10,   10,   10,   10,   10,   10,   10,   10,   10,   10,   10,   10,   10,   10,   10,   10,   10,   10,   10,   10,   10,   10,   10,   10,   10,   10,   10,   10,   10,   10,   10,   10,   10,   10,   10,   10,   10 ]
[   10,   10,   10,   10,   10,   10,   10,   10,   10,   10,   10,   10,   10,   10,   10,   10,   10,   10,   10,   10,   10,   10,   10,   10,   10,   10,   10,   10,   10,   10,   10,   10,   10,   10,   10,   10,   10,   10,   10,   10,   10,   10,   10,   10,   10,   10,   10,   10,   10,   10 ]
[   10,   10,   10,   10,   10,   10,   10,   10,   10,   10,   10,   10,   10,   10,   10,   10,   10,   10,   10,   10,   10,   10,   10,   10,   10,   10,   10,   10,   10,   10,   10,   10,   10,   10,   10,   10,   10,   10,   10,   10,   10,   10,   10,   10,   10,   10,   10,   10,   10,   10 ]
[   10,   10,   10,   10,   10,   10,   10,   10,   10,   10,   10,   10,   10,   10,   10,   10,   10,   10,   10,   10,   10,   10,   10,   10,   10,   10,   10,   10,   10,   10,   10,   10,   10,   10,   10,   10,   10,   10,   10,   10,   10,   10,   10,   10,   10,   10,   10,   10,   10,   10 ]
[   10,   10,   10,   10,   10,   10,   10,   10,   10,   10,   10,   10,   10,   10,   10,   10,   10,   10,   10,   10,   10,   10,   10,   10,   10,   10,   10,   10,   10,   10,   10,   10,   10,   10,   10,   10,   10,   10,   10,   10,   10,   10,   10,   10,   10,   10,   10,   10,   10,   10 ]
[   10,   10,   10,   10,   10,   10,   10,   10,   10,   10,   10,   10,   10,   10,   10,   10,   10,   10,   10,   10,   10,   10,   10,   10,   10,   10,   10,   10,   10,   10,   10,   10,   10,   10,   10,   10,   10,   10,   10,   10,   10,   10,   10,   10,   10,   10,   10,   10,   10,   10 ]
[   10,   10,   10,   10,   10,   10,   10,   10,   10,   10,   10,   10,   10,   10,   10,   10,   10,   10,   10,   10,   10,   10,   10,   10,   10,   10,   10,   10,   10,   10,   10,   10,   10,   10,   10,   10,   10,   10,   10,   10,   10,   10,   10,   10,   10,   10,   10,   10,   10,   10 ]
[   10,   10,   10,   10,   10,   10,   10,   10,   10,   10,   10,   10,   10,   10,   10,   10,   10,   10,   10,   10,   10,   10,   10,   10,   10,   10,   10,   10,   10,   10,   10,   10,   10,   10,   10,   10,   10,   10,   10,   10,   10,   10,   10,   10,   10,   10,   10,   10,   10,   10 ]
[   10,   10,   10,   10,   10,   10,   10,   10,   10,   10,   10,   10,   10,   10,   10,   10,   10,   10,   10,   10,   10,   10,   10,   10,   10,   10,   10,   10,   10,   10,   10,   10,   10,   10,   10,   10,   10,   10,   10,   10,   10,   10,   10,   10,   10,   10,   10,   10,   10,   10 ]
[   10,   10,   10,   10,   10,   10,   10,   10,   10,   10,   10,   10,   10,   10,   10,   10,   10,   10,   10,   10,   10,   10,   10,   10,   10,   10,   10,   10,   10,   10,   10,   10,   10,   10,   10,   10,   10,   10,   10,   10,   10,   10,   10,   10,   10,   10,   10,   10,   10,   10 ]
[   10,   10,   10,   10,   10,   10,   10,   10,   10,   10,   10,   10,   10,   10,   10,   10,   10,   10,   10,   10,   10,   10,   10,   10,   10,   10,   10,   10,   10,   10,   10,   10,   10,   10,   10,   10,   10,   10,   10,   10,   10,   10,   10,   10,   10,   10,   10,   10,   10,   10 ]
[   10,   10,   10,   10,   10,   10,   10,   10,   10,   10,   10,   10,   10,   10,   10,   10,   10,   10,   10,   10,   10,   10,   10,   10,   10,   10,   10,   10,   10,   10,   10,   10,   10,   10,   10,   10,   10,   10,   10,   10,   10,   10,   10,   10,   10,   10,   10,   10,   10,   10 ]
[   10,   10,   10,   10,   10,   10,   10,   10,   10,   10,   10,   10,   10,   10,   10,   10,   10,   10,   10,   10,   10,   10,   10,   10,   10,   10,   10,   10,   10,   10,   10,   10,   10,   10,   10,   10,   10,   10,   10,   10,   10,   10,   10,   10,   10,   10,   10,   10,   10,   10 ]
[   10,   10,   10,   10,   10,   10,   10,   10,   10,   10,   10,   10,   10,   10,   10,   10,   10,   10,   10,   10,   10,   10,   10,   10,   10,   10,   10,   10,   10,   10,   10,   10,   10,   10,   10,   10,   10,   10,   10,   10,   10,   10,   10,   10,   10,   10,   10,   10,   10,   10 ]
[   10,   10,   10,   10,   10,   10,   10,   10,   10,   10,   10,   10,   10,   10,   10,   10,   10,   10,   10,   10,   10,   10,   10,   10,   10,   10,   10,   10,   10,   10,   10,   10,   10,   10,   10,   10,   10,   10,   10,   10,   10,   10,   10,   10,   10,   10,   10,   10,   10,   10 ]
[   10,   10,   10,   10,   10,   10,   10,   10,   10,   10,   10,   10,   10,   10,   10,   10,   10,   10,   10,   10,   10,   10,   10,   10,   10,   10,   10,   10,   10,   10,   10,   10,   10,   10,   10,   10,   10,   10,   10,   10,   10,   10,   10,   10,   10,   10,   10,   10,   10,   10 ]
[   10,   10,   10,   10,   10,   10,   10,   10,   10,   10,   10,   10,   10,   10,   10,   10,   10,   10,   10,   10,   10,   10,   10,   10,   10,   10,   10,   10,   10,   10,   10,   10,   10,   10,   10,   10,   10,   10,   10,   10,   10,   10,   10,   10,   10,   10,   10,   10,   10,   10 ]
[   10,   10,   10,   10,   10,   10,   10,   10,   10,   10,   10,   10,   10,   10,   10,   10,   10,   10,   10,   10,   10,   10,   10,   10,   10,   10,   10,   10,   10,   10,   10,   10,   10,   10,   10,   10,   10,   10,   10,   10,   10,   10,   10,   10,   10,   10,   10,   10,   10,   10 ]
[   10,   10,   10,   10,   10,   10,   10,   10,   10,   10,   10,   10,   10,   10,   10,   10,   10,   10,   10,   10,   10,   10,   10,   10,   10,   10,   10,   10,   10,   10,   10,   10,   10,   10,   10,   10,   10,   10,   10,   10,   10,   10,   10,   10,   10,   10,   10,   10,   10,   10 ]
[   10,   10,   10,   10,   10,   10,   10,   10,   10,   10,   10,   10,   10,   10,   10,   10,   10,   10,   10,   10,   10,   10,   10,   10,   10,   10,   10,   10,   10,   10,   10,   10,   10,   10,   10,   10,   10,   10,   10,   10,   10,   10,   10,   10,   10,   10,   10,   10,   10,   10 ]
[   10,   10,   10,   10,   10,   10,   10,   10,   10,   10,   10,   10,   10,   10,   10,   10,   10,   10,   10,   10,   10,   10,   10,   10,   10,   10,   10,   10,   10,   10,   10,   10,   10,   10,   10,   10,   10,   10,   10,   10,   10,   10,   10,   10,   10,   10,   10,   10,   10,   10 ]
[   10,   10,   10,   10,   10,   10,   10,   10,   10,   10,   10,   10,   10,   10,   10,   10,   10,   10,   10,   10,   10,   10,   10,   10,   10,   10,   10,   10,   10,   10,   10,   10,   10,   10,   10,   10,   10,   10,   10,   10,   10,   10,   10,   10,   10,   10,   10,   10,   10,   10 ]
[   10,   10,   10,   10,   10,   10,   10,   10,   10,   10,   10,   10,   10,   10,   10,   10,   10,   10,   10,   10,   10,   10,   10,   10,   10,   10,   10,   10,   10,   10,   10,   10,   10,   10,   10,   10,   10,   10,   10,   10,   10,   10,   10,   10,   10,   10,   10,   10,   10,   10 ]
];
