n=  50;
m=  50;
MM=[  582,  445,  478,  510,  401,  420,  539,  438,  490,  539,  463,  488,  477,  464,  518,  568,  484,  432,  599,  594,  436,  597,  437,  416,  564,  518,  413,  406,  546,  458,  565,  539,  581,  551,  586,  505,  555,  597,  506,  581,  475,  445,  565,  505,  440,  414,  460,  581,  428,  437 ];
AA=[  529,  495,  411,  399,  449,  497,  479,  367,  421,  394,  486,  392,  404,  442,  503,  361,  489,  465,  477,  500,  362,  482,  400,  387,  545,  396,  379,  485,  382,  395,  500,  464,  383,  393,  439,  452,  416,  446,  424,  394,  454,  382,  369,  363,  450,  472,  515,  496,  370,  479 ];
a=[
[3100,3500,2500,2000,1000,3600,1500,3800,4400,3600,4000,1500,4100,2500,1300,2100,4100,900,3600,3200,1000,2700,3700,4100,3200,1500,3900,3500,2800,800,800,1500,4000,3800,1800,2000,3500,2400,1000,3200,3900,700,4300,1700,2200,4300,500,4000,3900,4000 ],
[1300,500,3300,4100,2300,3000,2600,1000,2400,2000,3100,1100,800,2600,1000,1400,1700,1300,2300,4000,1100,1300,1800,500,2900,2400,1600,2400,4400,3500,2000,600,1500,2300,2700,1400,3500,2500,900,4400,1400,3400,3700,3000,600,900,1300,3400,2100,3600 ],
[1300,3700,3900,4200,1700,1400,4100,3300,2500,2200,900,3600,2300,1600,3600,2100,3200,3200,500,4000,1800,800,3500,4300,4300,4300,2400,1600,3600,2300,4200,2100,3200,1700,3400,2300,900,1100,2700,3600,2000,3700,3900,1400,4200,3700,4400,2400,3700,3200 ],
[2300,900,2300,2900,2400,4200,1100,1400,1800,4000,2000,700,2200,2900,900,2900,2000,2200,2400,1500,1100,1600,1500,1900,1500,4400,2700,1200,1400,3200,1700,3700,2300,3100,900,3500,2800,2300,2900,1700,1200,1700,2200,3000,3200,1700,2200,1100,1900,2800 ],
[2400,4000,500,3000,3000,2400,3700,2400,4300,2500,1600,1900,1000,3900,1800,700,1900,3000,4400,1000,3000,3200,4400,2700,1800,3300,3600,3500,1200,2800,1500,3500,2900,2100,1100,900,1200,1800,2600,3500,3100,1500,700,1000,4100,3700,2200,4100,3000,1600 ],
[2000,1800,3200,3000,1600,1300,1400,1700,700,2500,2700,3500,3200,4000,3600,900,2400,3600,3200,3500,4400,2300,800,2200,3500,4400,4000,3900,1000,4200,3600,3400,1700,1900,2000,700,1200,2000,1700,3700,900,2300,2200,3400,1500,4000,1500,1300,2800,2700 ],
[700,1500,1400,3300,2700,2200,4000,1400,500,2200,3600,3900,500,4300,4300,1500,2400,2900,1300,3800,2500,1200,3600,3800,1400,3300,2900,3900,3200,4300,3800,1300,2000,800,3900,1800,1500,1100,1300,2500,3700,900,3600,2700,4200,4100,1800,4200,4000,3000 ],
[2400,3800,3500,3400,1600,1100,800,1300,2100,4200,1000,2400,1800,1500,4100,1300,4200,3000,1600,4100,3400,3600,2300,3300,2800,4300,2700,2200,1400,900,2900,1100,2700,1700,3900,1700,4200,1700,3500,3800,1700,1700,600,3900,600,1000,4200,1500,800,2700 ],
[3000,2400,3400,1700,3600,1500,2700,600,1500,1900,1200,1900,3900,4300,2800,3300,2300,1000,2300,2600,3000,2400,500,1600,1500,1300,2800,600,4400,2700,2200,2700,1100,1000,3600,3400,1500,4200,1100,4100,3800,2500,2400,800,4200,2300,1200,600,1000,4100 ],
[3500,1700,3600,1200,1200,1400,4400,2400,2200,600,3300,1300,2900,3600,3000,2500,3100,500,500,1100,4000,3300,2200,2800,1300,2400,1600,3800,2600,4200,1800,3800,600,2700,3900,1500,2800,2900,4000,3300,3600,4400,3900,4200,3600,3800,3300,3600,2400,2100 ],
[3500,2800,1100,3300,3000,1700,1200,2900,2400,4200,1500,2900,2200,2500,3400,2100,1100,1000,4000,4200,4200,3400,2700,3000,1900,1300,3000,4300,4100,2600,2700,2500,4100,500,2400,1200,2100,1700,500,1700,1700,1700,2600,3700,3100,500,3000,2100,3200,2500 ],
[4000,3700,2600,2400,2600,2400,1500,1200,1800,4400,3300,3700,2500,1500,2400,2300,1900,2600,800,1200,700,1700,3000,1400,900,4100,900,3800,3100,2000,600,1400,1800,4200,2400,3600,1300,4200,3600,3300,2800,1600,2000,900,1400,4200,1200,1100,1800,1500 ],
[2000,2300,2200,1000,2300,3300,1000,3700,3900,500,1000,2600,2100,2200,4400,700,4300,1900,3800,1000,1400,2100,2900,3800,1200,2100,4000,800,1500,2600,4100,4000,2200,3200,800,1100,4300,1800,1900,700,3600,4100,2700,1900,3400,1800,3100,500,2600,4400 ],
[2200,1000,1000,2500,1100,1200,1300,800,3700,3100,3300,1500,3100,600,3600,1700,3000,2500,2100,2600,700,3200,3200,2300,3300,3100,2500,2400,1000,3300,1100,1900,3700,3600,700,4400,2200,2200,2300,4400,3400,4100,1000,1000,900,2300,1800,3300,2500,1500 ],
[1600,2000,4200,2100,1500,4400,3100,2900,4000,2500,1500,1100,1300,700,2600,3500,3600,2600,1500,1700,3700,2400,2800,1900,3400,1300,4100,4000,1800,1600,4100,1400,1000,3000,1600,2200,900,1600,3400,3300,3200,1900,4000,2200,2000,3400,4000,2600,1400,2600 ],
[4000,900,600,1600,2700,4300,2000,3500,2800,1300,2600,1900,3700,800,3300,3600,4100,2800,3200,2700,2500,3500,1900,800,3800,3300,4000,4100,600,2400,2100,700,900,3000,3800,3000,900,4000,3000,1200,3700,1900,4300,1100,4100,1700,3800,600,800,1500 ],
[1900,2700,3800,4000,4400,600,500,1100,1100,700,3500,3500,2600,4000,1400,2000,3400,1300,600,3400,2800,1000,1100,1900,1000,4200,3300,1500,2700,1500,3100,2300,2000,2000,3900,2800,1600,3100,1500,1000,1200,3100,3400,1800,4100,2600,1000,1800,1300,900 ],
[1500,2000,800,2500,1800,1700,3900,3900,2400,800,4400,600,4400,3300,4100,3200,4200,3000,3000,3200,2500,500,1500,800,1700,600,500,1200,800,800,2700,4300,900,700,2700,1800,4200,2000,2200,700,1300,3400,2100,3200,3900,1100,4300,2400,3300,1200 ],
[500,600,3200,1400,600,3400,3200,2500,2100,3400,500,3700,800,3400,900,1500,700,4000,3200,3700,2400,2900,3400,700,1600,1300,3100,2600,2400,1600,1000,3200,900,3700,3300,2000,3000,4000,3500,1400,4000,3600,1400,1500,3800,4300,600,4000,1800,2900 ],
[1500,4300,600,2700,2700,3100,1000,1600,1700,700,1600,700,1900,4000,1200,1700,2600,700,2500,3600,1300,2500,1700,3000,3200,3600,4000,2700,4300,900,3300,1200,1900,1400,2500,4100,500,600,3200,1700,1200,3200,700,1400,3800,4200,1100,800,900,4200 ],
[2800,3300,2400,2300,3400,1700,3400,1400,800,4200,1300,2400,1300,2400,3300,900,3400,2800,1200,2300,3500,2200,1200,3600,2200,3100,1600,1500,2900,3700,2200,3800,600,3500,3700,600,1600,2400,1800,1100,1500,4100,2000,3800,2300,2700,600,1000,4100,2300 ],
[4200,700,2000,2200,3500,2100,3900,3200,3200,2900,3500,2300,2500,2800,2800,800,1100,700,1600,2800,4100,2700,800,3600,1900,2000,3500,3300,1000,500,2900,2100,4000,3700,3200,3800,3900,1200,3500,600,1600,900,2300,1000,1800,1000,1400,3600,1700,900 ],
[1300,3500,2100,1000,1000,1800,1400,2800,500,2100,3300,2000,3900,1400,2000,2200,4000,3900,4100,1400,2000,4400,2800,1100,1200,1100,4200,2400,2200,3800,3400,3000,2900,3500,1700,600,4000,3400,2100,1800,3600,1700,2900,900,4400,3200,2800,2800,2200,2100 ],
[4200,2000,4000,1100,1900,2500,800,800,1900,3300,4400,1500,3400,4200,1300,1100,2800,1000,3200,3100,2700,3400,1500,1800,2900,700,3600,2400,2200,3200,4000,1000,2000,4100,1700,3500,3100,1500,4100,3000,3100,4400,900,4400,1900,700,4200,1200,3400,3400 ],
[3600,1400,2900,1800,1700,2700,2500,1100,2100,1500,2700,500,4000,1800,1600,3400,3000,1800,3500,3700,800,3500,4100,2800,2100,3900,2100,4400,3400,3400,3700,3800,1700,4300,3400,4200,2100,1600,1100,2300,2100,3000,2300,2900,1700,700,1100,2000,3100,4100 ],
[1600,4100,3100,2900,1300,3700,3900,3600,2300,2100,3600,2300,1600,4300,1600,4100,2000,3100,3200,4400,2100,900,3300,1200,1600,2300,900,500,700,4100,900,500,600,2800,1800,2500,3100,700,4000,2500,3900,4400,2000,3300,1500,1200,3100,2600,1600,600 ],
[4000,1900,1000,1400,3100,2200,700,1500,2100,3200,2500,4300,2900,2700,900,1400,2200,500,1900,3700,1400,3600,3300,800,4300,2300,1500,1400,1300,3600,2200,3800,2200,1800,1100,1100,4400,3800,2400,2900,2200,1100,2900,3400,3200,4300,4100,3000,4300,3900 ],
[2400,3000,700,1800,4000,4200,800,2600,1900,2000,3100,4400,700,1300,1900,4400,2200,1200,3500,3800,800,4100,2900,1700,4100,800,3200,700,700,3500,2500,600,1200,1100,4200,3700,500,3000,2400,1700,1200,2100,2800,4400,3300,2900,1900,3000,3900,3600 ],
[2500,3700,1000,2000,2300,3100,2700,1800,4200,1200,2200,500,1800,3300,2800,800,3700,3600,2600,700,4400,4300,3800,3700,2400,700,1000,3800,3500,3600,1800,2200,900,800,3200,800,3000,2400,1000,2500,2800,800,1300,1000,1800,1200,4100,1400,500,3800 ],
[2700,4300,2900,1800,4100,2600,3300,4300,2100,4400,2500,1100,3800,3300,3900,4300,2500,4200,500,3300,3600,900,3400,4300,3800,900,600,800,1800,2300,1500,2300,800,3800,2300,500,2800,1200,2600,4000,3900,2500,1500,3100,1600,1500,2200,3000,1100,3000 ],
[2400,500,1100,1500,1700,2300,500,1700,3100,1000,800,3300,3300,1100,3600,1000,3900,1200,2400,4100,800,2200,500,1300,1400,2100,3200,3900,4000,1900,600,3300,1100,3400,2200,3000,1100,3400,3100,2200,4400,1800,2100,500,3700,1800,900,500,1200,4000 ],
[3700,2300,2300,3400,3500,1200,1700,3500,4400,1700,3200,1400,1200,2700,1700,4300,1500,2700,600,1900,700,2400,2300,3800,2500,2400,2500,1900,1700,2500,500,3300,1300,900,2700,1800,1300,3800,600,1200,1400,2500,3000,1900,2400,1900,1500,2100,3800,3800 ],
[2800,1800,3100,3800,1400,600,3200,1700,800,2600,2000,2500,600,700,4200,3500,1200,1300,3300,4200,2700,2300,2200,2100,600,3700,2700,1000,2800,2800,4100,4100,1600,1000,1500,1000,600,2500,1200,3300,1300,1100,900,3300,800,500,3200,4100,900,3800 ],
[4200,2800,3400,2400,2900,800,2200,2800,3700,3600,4100,3100,3100,3600,2800,3300,3900,2000,1300,600,1800,700,4300,2300,4400,3000,1100,1700,3100,2700,4000,900,3500,1200,4300,2100,3800,3000,4100,3000,2100,4300,600,2400,3900,600,3500,2200,3500,4200 ],
[3700,2900,2100,3600,3700,3000,1700,2800,1900,2300,3100,2000,700,2000,2000,2400,2000,2800,1000,1600,3900,3900,1600,1100,4100,3000,3500,3900,600,1000,2500,2100,2400,2100,3500,1900,2800,3600,1100,3700,4300,2900,4200,2600,4300,2400,1500,2700,3200,2600 ],
[3000,1800,700,1000,900,3600,2900,2100,900,4300,2300,900,4200,3800,2700,3800,3300,1900,2600,600,1900,1500,1800,3100,1500,3800,4200,3200,600,3700,1600,4400,2100,900,3300,1600,1900,4200,1900,3700,1400,3200,500,800,1000,2400,4300,2400,3000,2200 ],
[1700,2200,2500,3600,800,1300,4100,2900,800,3100,3500,4200,1100,4200,2800,800,2000,700,1400,3100,2600,2300,4200,4100,2800,1700,2200,600,1600,1100,3900,1800,4100,4200,4200,600,3800,2500,3400,3800,2500,3100,2900,600,500,2400,1600,3500,700,1300 ],
[3600,3400,2900,3700,2500,1000,4100,1900,2400,2200,3400,3800,3800,3800,3600,2600,3600,2600,2200,2700,700,4400,1100,1400,800,2400,800,500,3000,3400,900,2000,3200,3900,1400,4100,3700,2100,2900,2000,1100,4400,1200,3500,4100,3900,3300,900,4200,2700 ],
[3800,700,3300,1100,3900,2400,500,4300,1800,800,3800,3200,1400,1300,2600,2500,1400,2700,1200,1800,1500,4200,2800,1700,1100,1700,2500,1800,4000,2500,600,1600,1100,2100,600,700,1900,4400,1900,2600,1800,2200,500,1900,3000,1600,2700,4300,2300,1600 ],
[2400,1100,1600,500,1300,2000,3700,900,900,1800,4100,2700,2600,3200,3000,3400,4300,4100,1500,3100,2300,2700,1800,600,2000,2900,3700,1100,3800,2000,700,1600,900,3100,4400,700,3300,2300,4000,4400,900,4300,3400,500,2800,2600,3000,3600,3700,2600 ],
[800,4300,3900,3500,1000,700,1100,1800,3300,1700,1200,3400,1100,2200,4300,1200,2700,500,500,1100,3800,4200,500,2100,3600,2900,1100,2400,3300,800,2600,1900,1400,3700,2100,900,1600,4000,2800,2500,2900,1100,1200,3700,1100,1900,2200,3300,1000,1400 ],
[1900,2200,3500,1100,1500,4400,3500,4400,4300,500,2600,3900,2600,1900,4400,2600,1200,600,4100,700,3800,1300,1400,900,1300,1400,2600,2000,2400,3400,3100,2700,1300,2700,1700,1000,2000,500,3800,3500,2400,1900,4100,600,3500,900,2700,4100,2700,1000 ],
[3600,2000,1300,2700,3100,2500,1800,2300,4100,2400,2700,1900,700,1400,1700,800,4000,2300,3900,4200,2600,2600,4400,3100,3500,1200,3200,3300,500,1400,1100,2400,1800,3800,4400,3800,2100,3200,2300,3500,600,2200,2800,1600,800,500,3100,4400,2200,4400 ],
[1500,1500,3700,3700,2200,3900,1200,3100,1300,4100,1700,1100,4000,2000,2900,2800,2100,1600,1800,3900,1300,1300,3900,2800,700,3400,2100,600,2700,2300,3000,3300,800,2800,4400,900,3100,3400,2200,2300,4100,4400,1700,3900,3900,2600,1700,500,3700,1600 ],
[3300,1500,700,3700,2100,900,4300,2800,2700,4400,2500,1000,3400,4000,4200,2800,3500,3700,1100,4000,3800,1700,3300,3800,3500,4300,2700,4000,3700,3300,2500,1800,1200,700,900,1600,3900,3800,3700,1300,4400,4100,2000,4100,3000,4300,1800,4300,1400,1800 ],
[1600,3400,4300,3100,1000,4100,1600,2600,3000,3500,700,2300,3700,4300,3600,1700,1900,1300,2700,1500,3000,3000,600,1900,1200,500,4200,2700,4100,2800,4000,600,900,2600,2100,3000,1500,1400,2200,600,600,3900,3200,1600,800,3400,500,1000,2400,600 ],
[4400,3000,4300,2100,4100,1900,1600,4400,3500,2700,1500,1900,3000,1100,2300,1900,4400,700,2900,2100,2900,2500,500,900,4400,1900,3200,1900,3000,2700,4400,500,3400,4100,3900,3200,3400,1700,1600,3400,500,4400,4400,1400,3400,4400,4200,1000,3000,2400 ],
[1400,2900,1000,1800,600,3800,3700,900,500,3000,4000,2500,700,1200,2800,3200,4000,1200,2600,900,700,2500,900,800,3500,1600,3800,3300,4100,2900,2200,1000,3300,3000,1200,2000,3900,3200,3500,900,2100,2100,2100,4300,3500,2400,2100,1800,1000,1300 ],
[1200,1100,3300,3700,1300,1800,1200,3000,600,2500,2700,1700,2700,4300,1100,3700,4000,500,2500,2800,4400,1200,1800,2700,1100,3500,3800,3000,1400,4100,1300,3100,2300,1300,3200,2700,700,2000,4400,2500,3400,2200,3400,3200,2100,2900,1100,700,1200,4300 ],
[1400,3900,1800,1800,1200,1000,2700,3400,3800,1200,1500,1000,1300,4400,600,2700,2900,4200,600,900,3700,1200,3600,2800,1100,4200,2300,2200,3900,3900,4400,2500,3000,900,1500,3500,2200,1200,2000,3300,700,2600,3500,2300,3600,1300,2500,4000,2300,2300 ]
];
c=[
[41,73,56,26,64,114,42,29,54,67,108,53,23,53,69,50,106,111,71,109,99,58,75,108,44,27,28,118,52,57,57,21,44,115,56,76,49,70,34,26,104,70,59,29,117,75,108,88,111,59 ],
[109,68,56,66,37,50,47,99,95,66,102,84,106,98,64,104,73,43,55,37,109,74,107,117,25,60,57,98,37,107,99,22,27,48,24,79,71,85,80,40,119,65,44,95,83,48,99,107,83,86 ],
[22,103,39,28,69,24,26,26,84,26,115,100,73,102,75,87,38,57,114,82,29,76,68,48,93,42,88,56,107,111,60,74,29,48,75,23,109,78,32,65,32,109,32,92,100,23,105,33,71,55 ],
[78,96,97,104,64,109,48,25,47,38,113,25,84,83,94,52,43,79,62,37,65,76,21,42,100,43,111,27,71,41,35,24,53,60,99,90,80,98,103,85,113,46,106,77,34,96,75,88,46,98 ],
[75,26,97,112,64,67,61,43,101,79,27,74,83,109,106,95,67,72,39,24,37,111,64,61,36,115,89,106,66,23,62,65,110,44,55,85,59,68,82,118,30,62,30,102,106,51,79,102,42,58 ],
[118,54,118,37,107,99,22,109,33,112,105,21,49,48,44,58,114,67,95,78,57,24,20,80,39,104,32,87,91,63,85,26,43,111,107,41,73,110,43,48,49,22,64,42,39,96,67,106,103,85 ],
[50,73,107,51,60,57,113,65,30,47,39,48,67,23,94,77,49,47,21,75,43,41,24,50,57,40,41,44,82,97,102,26,91,75,78,22,101,39,113,81,109,61,95,104,73,69,101,93,81,27 ],
[37,108,31,119,43,20,37,65,41,107,108,110,41,32,74,51,45,93,57,91,103,53,116,48,107,65,106,52,46,55,29,93,33,55,79,31,97,62,95,61,101,85,78,94,103,105,44,113,107,52 ],
[110,97,46,91,37,28,102,46,78,31,62,20,107,107,46,97,25,48,75,116,62,68,60,59,38,68,24,105,35,20,91,21,102,64,109,112,96,113,82,45,118,37,36,100,119,73,42,46,68,62 ],
[68,27,107,23,33,94,47,21,88,48,69,75,51,52,41,118,59,42,57,111,25,43,68,69,103,66,58,44,113,48,74,83,71,49,40,57,112,38,81,114,33,110,60,26,66,35,99,104,66,113 ],
[25,26,86,104,86,97,52,48,104,114,77,81,71,42,77,45,107,94,66,119,29,78,48,24,109,67,43,87,112,90,100,67,41,57,98,75,42,61,22,32,30,26,78,55,53,92,85,85,95,58 ],
[41,53,92,112,75,79,105,36,114,61,79,63,33,53,87,98,68,86,20,73,105,62,95,65,88,116,75,105,91,46,31,64,57,33,88,87,104,25,29,20,40,43,65,29,40,26,83,38,82,47 ],
[119,113,45,40,47,65,105,40,60,72,95,114,80,25,112,40,47,45,80,68,48,46,106,51,98,117,95,52,88,63,101,55,52,33,35,28,26,102,52,35,91,107,98,82,45,48,83,34,114,98 ],
[98,71,20,90,26,35,69,73,76,103,101,52,64,87,46,55,21,42,57,100,81,45,119,44,104,50,69,37,119,60,48,27,106,56,92,73,37,80,35,68,60,58,60,80,84,104,42,70,102,59 ],
[56,25,70,45,57,34,116,30,35,89,50,44,22,85,100,103,99,61,108,102,116,88,29,106,41,119,54,49,94,41,26,112,30,93,23,42,81,52,40,35,63,97,78,98,23,93,32,50,67,63 ],
[28,51,96,43,64,42,60,35,40,49,72,101,94,92,73,60,69,78,33,92,84,93,114,51,87,112,51,46,103,91,108,37,118,107,24,62,47,69,72,89,88,113,59,52,59,49,67,31,67,25 ],
[118,68,56,34,88,34,32,64,23,105,66,80,25,84,23,88,112,94,64,99,70,37,117,33,51,68,24,89,84,56,100,91,106,114,68,99,22,26,48,111,67,104,26,28,112,51,115,39,37,109 ],
[101,52,88,32,27,83,61,93,45,77,88,29,79,114,30,86,31,35,95,101,47,95,27,48,38,103,47,30,93,43,38,98,46,53,97,20,89,22,113,39,29,36,26,89,40,67,88,60,58,100 ],
[22,30,115,39,60,110,111,32,103,58,82,111,21,70,89,37,109,45,56,88,47,93,35,46,41,23,47,53,41,29,66,56,59,77,115,50,36,34,105,99,36,20,33,91,54,56,119,48,73,45 ],
[54,107,116,107,72,46,59,60,90,112,115,111,71,74,100,103,90,117,43,35,29,46,97,42,25,62,70,108,31,34,79,52,87,83,87,108,103,31,99,76,86,113,100,41,91,34,80,64,55,114 ],
[78,99,47,73,21,98,63,35,65,96,117,56,54,96,35,105,43,89,40,55,67,93,77,60,50,76,46,24,72,111,103,96,56,80,73,38,35,108,78,55,102,113,75,78,67,99,56,45,79,117 ],
[48,31,60,76,34,88,81,93,58,37,86,91,106,100,105,105,71,57,55,34,28,100,103,70,100,74,24,82,81,58,104,27,44,27,61,38,52,68,78,88,49,77,74,46,110,47,65,68,60,103 ],
[85,87,98,79,59,99,92,26,69,59,22,81,42,26,96,70,45,36,55,99,84,80,45,54,25,113,38,40,94,37,108,106,118,21,99,37,22,53,51,23,87,39,65,33,31,89,24,47,75,72 ],
[91,117,111,106,71,86,70,23,90,68,59,47,36,57,36,37,68,48,109,106,79,62,103,28,73,119,23,64,97,99,104,94,38,89,33,23,55,100,75,106,42,98,47,107,115,101,112,79,71,22 ],
[102,49,80,49,78,26,85,22,83,68,40,28,71,95,97,116,87,112,27,29,48,84,47,82,53,92,68,44,106,38,97,100,46,97,58,96,114,28,119,112,92,87,26,91,107,112,97,29,76,69 ],
[116,115,35,75,35,56,91,50,71,48,68,50,64,56,50,84,21,24,52,27,65,40,44,80,81,106,32,31,95,96,66,114,57,107,22,93,111,38,87,100,50,34,36,98,115,98,87,63,76,61 ],
[71,108,95,41,46,75,82,47,53,79,71,114,88,86,82,64,32,48,58,27,80,30,84,78,38,106,23,66,95,109,33,44,91,53,53,31,22,69,59,45,68,31,36,115,35,46,28,50,29,43 ],
[36,108,25,97,102,118,91,47,82,32,75,117,104,117,69,38,63,109,106,32,91,90,64,107,25,63,67,72,30,38,116,78,80,46,90,30,85,46,102,39,118,102,93,102,101,31,102,37,23,59 ],
[50,102,111,30,116,70,99,55,106,65,29,109,33,48,103,90,57,30,65,115,64,43,80,114,78,99,39,47,27,117,108,46,118,88,102,70,88,33,46,22,39,46,64,52,62,44,93,72,23,64 ],
[29,33,63,68,45,40,24,65,35,31,118,41,72,118,88,71,100,74,35,50,83,24,116,55,77,62,22,51,115,107,98,73,110,68,71,67,117,84,89,74,104,60,90,66,42,106,52,99,91,62 ],
[98,21,50,59,52,54,111,45,72,49,112,93,106,66,98,45,50,38,24,83,94,23,67,115,95,48,24,24,118,94,113,114,110,94,115,54,26,24,111,112,109,116,103,108,87,25,30,46,52,26 ],
[24,105,25,30,44,89,27,33,99,68,105,44,56,65,90,59,74,70,80,67,24,83,71,22,81,116,93,99,98,112,117,118,100,55,32,30,58,80,115,67,27,118,49,113,62,111,50,53,48,102 ],
[22,105,98,86,32,35,20,64,90,109,44,42,75,50,61,66,30,82,32,95,32,90,42,37,98,29,24,104,88,58,83,76,22,80,82,57,109,116,67,80,59,48,61,91,43,102,44,107,95,63 ],
[92,48,86,35,55,68,114,95,85,54,92,102,56,51,117,56,27,38,55,23,47,75,96,75,94,74,30,97,110,79,71,70,65,60,25,33,55,41,76,83,43,28,39,58,67,119,103,115,87,80 ],
[63,109,61,43,108,24,41,62,32,108,50,116,63,22,78,63,38,110,106,65,73,34,45,53,96,43,42,107,46,60,115,44,65,22,88,62,119,97,51,85,35,49,78,85,41,57,63,94,51,86 ],
[50,34,111,61,90,112,116,20,38,71,72,116,68,94,33,106,81,91,67,65,22,31,112,81,38,84,41,34,51,99,29,77,104,25,108,47,28,46,45,99,33,103,72,25,102,107,77,98,72,74 ],
[101,72,106,44,29,111,99,45,59,33,74,30,78,94,63,96,98,44,63,55,116,34,35,27,102,54,77,64,45,33,69,36,87,31,108,28,38,90,55,35,59,53,69,51,41,45,96,91,28,76 ],
[47,95,51,22,79,97,82,85,53,55,27,41,55,84,104,25,80,44,80,115,29,50,66,113,71,28,102,31,53,32,60,36,88,82,61,110,24,105,93,25,93,79,50,45,92,111,46,108,30,110 ],
[87,28,70,21,72,54,117,40,81,50,57,28,67,89,40,87,48,87,57,71,86,97,59,40,80,67,116,90,20,104,116,103,79,118,52,112,32,35,48,71,41,94,108,70,41,68,114,42,100,88 ],
[92,51,70,49,118,54,22,21,41,78,47,107,46,57,64,116,78,118,63,39,104,114,81,51,84,30,83,78,69,34,96,93,69,32,21,45,36,41,22,117,59,114,62,83,82,64,41,101,76,70 ],
[48,65,29,68,41,104,38,64,112,93,117,110,105,29,54,35,80,72,81,31,64,63,35,22,116,65,36,75,98,96,100,28,34,35,65,43,98,32,100,112,59,60,21,73,81,67,41,113,50,36 ],
[23,60,69,58,114,106,71,61,72,97,110,71,32,87,32,91,60,53,69,109,78,94,70,93,96,85,73,23,49,51,98,65,35,73,100,100,115,53,106,44,106,95,42,39,81,76,118,95,59,23 ],
[113,104,55,116,105,79,109,66,113,58,25,70,58,105,87,24,57,80,35,36,112,61,105,93,50,60,80,53,28,28,112,85,22,82,91,64,36,72,77,92,27,81,41,20,24,23,57,72,81,85 ],
[48,108,94,29,87,72,75,38,91,113,68,94,70,77,33,101,21,109,53,101,70,99,26,43,96,86,57,108,119,86,50,98,103,105,73,33,24,71,52,23,101,80,104,115,83,48,119,118,60,103 ],
[56,61,109,80,114,41,118,86,81,67,51,42,83,97,27,46,82,31,36,87,102,111,25,115,67,35,107,51,91,83,97,82,61,119,66,86,81,20,57,69,85,29,32,24,37,55,22,34,70,50 ],
[98,75,35,43,103,108,52,117,95,50,103,41,98,65,100,113,66,24,108,67,94,119,119,42,44,24,107,39,68,53,98,87,34,46,50,104,103,84,118,45,104,116,44,34,106,53,115,51,85,62 ],
[63,115,34,51,101,76,69,41,29,115,21,71,43,110,21,72,38,26,119,100,89,22,94,26,44,98,41,30,65,110,50,24,105,45,109,113,112,20,91,82,78,40,113,39,94,58,87,81,75,85 ],
[71,45,53,75,22,68,72,64,97,63,21,39,40,91,81,80,78,88,94,83,94,63,66,70,55,90,56,38,111,57,28,103,107,44,60,46,51,34,37,60,48,101,71,56,85,103,28,89,27,89 ],
[58,95,68,107,47,53,31,40,47,30,25,45,53,48,99,50,26,102,44,28,85,108,42,78,114,50,67,58,72,88,66,64,75,106,99,44,111,36,103,88,99,82,112,47,96,32,49,54,32,28 ],
[64,59,101,25,106,109,65,81,20,112,25,37,36,92,82,88,78,113,89,57,111,116,59,114,106,21,90,113,82,75,119,29,79,44,112,25,41,91,52,78,30,77,94,41,100,86,80,31,98,61 ]
];
mm_=[
[   10,   10,   10,   10,   10,   10,   10,   10,   10,   10,   10,   10,   10,   10,   10,   10,   10,   10,   10,   10,   10,   10,   10,   10,   10,   10,   10,   10,   10,   10,   10,   10,   10,   10,   10,   10,   10,   10,   10,   10,   10,   10,   10,   10,   10,   10,   10,   10,   10,   10 ]
[   10,   10,   10,   10,   10,   10,   10,   10,   10,   10,   10,   10,   10,   10,   10,   10,   10,   10,   10,   10,   10,   10,   10,   10,   10,   10,   10,   10,   10,   10,   10,   10,   10,   10,   10,   10,   10,   10,   10,   10,   10,   10,   10,   10,   10,   10,   10,   10,   10,   10 ]
[   10,   10,   10,   10,   10,   10,   10,   10,   10,   10,   10,   10,   10,   10,   10,   10,   10,   10,   10,   10,   10,   10,   10,   10,   10,   10,   10,   10,   10,   10,   10,   10,   10,   10,   10,   10,   10,   10,   10,   10,   10,   10,   10,   10,   10,   10,   10,   10,   10,   10 ]
[   10,   10,   10,   10,   10,   10,   10,   10,   10,   10,   10,   10,   10,   10,   10,   10,   10,   10,   10,   10,   10,   10,   10,   10,   10,   10,   10,   10,   10,   10,   10,   10,   10,   10,   10,   10,   10,   10,   10,   10,   10,   10,   10,   10,   10,   10,   10,   10,   10,   10 ]
[   10,   10,   10,   10,   10,   10,   10,   10,   10,   10,   10,   10,   10,   10,   10,   10,   10,   10,   10,   10,   10,   10,   10,   10,   10,   10,   10,   10,   10,   10,   10,   10,   10,   10,   10,   10,   10,   10,   10,   10,   10,   10,   10,   10,   10,   10,   10,   10,   10,   10 ]
[   10,   10,   10,   10,   10,   10,   10,   10,   10,   10,   10,   10,   10,   10,   10,   10,   10,   10,   10,   10,   10,   10,   10,   10,   10,   10,   10,   10,   10,   10,   10,   10,   10,   10,   10,   10,   10,   10,   10,   10,   10,   10,   10,   10,   10,   10,   10,   10,   10,   10 ]
[   10,   10,   10,   10,   10,   10,   10,   10,   10,   10,   10,   10,   10,   10,   10,   10,   10,   10,   10,   10,   10,   10,   10,   10,   10,   10,   10,   10,   10,   10,   10,   10,   10,   10,   10,   10,   10,   10,   10,   10,   10,   10,   10,   10,   10,   10,   10,   10,   10,   10 ]
[   10,   10,   10,   10,   10,   10,   10,   10,   10,   10,   10,   10,   10,   10,   10,   10,   10,   10,   10,   10,   10,   10,   10,   10,   10,   10,   10,   10,   10,   10,   10,   10,   10,   10,   10,   10,   10,   10,   10,   10,   10,   10,   10,   10,   10,   10,   10,   10,   10,   10 ]
[   10,   10,   10,   10,   10,   10,   10,   10,   10,   10,   10,   10,   10,   10,   10,   10,   10,   10,   10,   10,   10,   10,   10,   10,   10,   10,   10,   10,   10,   10,   10,   10,   10,   10,   10,   10,   10,   10,   10,   10,   10,   10,   10,   10,   10,   10,   10,   10,   10,   10 ]
[   10,   10,   10,   10,   10,   10,   10,   10,   10,   10,   10,   10,   10,   10,   10,   10,   10,   10,   10,   10,   10,   10,   10,   10,   10,   10,   10,   10,   10,   10,   10,   10,   10,   10,   10,   10,   10,   10,   10,   10,   10,   10,   10,   10,   10,   10,   10,   10,   10,   10 ]
[   10,   10,   10,   10,   10,   10,   10,   10,   10,   10,   10,   10,   10,   10,   10,   10,   10,   10,   10,   10,   10,   10,   10,   10,   10,   10,   10,   10,   10,   10,   10,   10,   10,   10,   10,   10,   10,   10,   10,   10,   10,   10,   10,   10,   10,   10,   10,   10,   10,   10 ]
[   10,   10,   10,   10,   10,   10,   10,   10,   10,   10,   10,   10,   10,   10,   10,   10,   10,   10,   10,   10,   10,   10,   10,   10,   10,   10,   10,   10,   10,   10,   10,   10,   10,   10,   10,   10,   10,   10,   10,   10,   10,   10,   10,   10,   10,   10,   10,   10,   10,   10 ]
[   10,   10,   10,   10,   10,   10,   10,   10,   10,   10,   10,   10,   10,   10,   10,   10,   10,   10,   10,   10,   10,   10,   10,   10,   10,   10,   10,   10,   10,   10,   10,   10,   10,   10,   10,   10,   10,   10,   10,   10,   10,   10,   10,   10,   10,   10,   10,   10,   10,   10 ]
[   10,   10,   10,   10,   10,   10,   10,   10,   10,   10,   10,   10,   10,   10,   10,   10,   10,   10,   10,   10,   10,   10,   10,   10,   10,   10,   10,   10,   10,   10,   10,   10,   10,   10,   10,   10,   10,   10,   10,   10,   10,   10,   10,   10,   10,   10,   10,   10,   10,   10 ]
[   10,   10,   10,   10,   10,   10,   10,   10,   10,   10,   10,   10,   10,   10,   10,   10,   10,   10,   10,   10,   10,   10,   10,   10,   10,   10,   10,   10,   10,   10,   10,   10,   10,   10,   10,   10,   10,   10,   10,   10,   10,   10,   10,   10,   10,   10,   10,   10,   10,   10 ]
[   10,   10,   10,   10,   10,   10,   10,   10,   10,   10,   10,   10,   10,   10,   10,   10,   10,   10,   10,   10,   10,   10,   10,   10,   10,   10,   10,   10,   10,   10,   10,   10,   10,   10,   10,   10,   10,   10,   10,   10,   10,   10,   10,   10,   10,   10,   10,   10,   10,   10 ]
[   10,   10,   10,   10,   10,   10,   10,   10,   10,   10,   10,   10,   10,   10,   10,   10,   10,   10,   10,   10,   10,   10,   10,   10,   10,   10,   10,   10,   10,   10,   10,   10,   10,   10,   10,   10,   10,   10,   10,   10,   10,   10,   10,   10,   10,   10,   10,   10,   10,   10 ]
[   10,   10,   10,   10,   10,   10,   10,   10,   10,   10,   10,   10,   10,   10,   10,   10,   10,   10,   10,   10,   10,   10,   10,   10,   10,   10,   10,   10,   10,   10,   10,   10,   10,   10,   10,   10,   10,   10,   10,   10,   10,   10,   10,   10,   10,   10,   10,   10,   10,   10 ]
[   10,   10,   10,   10,   10,   10,   10,   10,   10,   10,   10,   10,   10,   10,   10,   10,   10,   10,   10,   10,   10,   10,   10,   10,   10,   10,   10,   10,   10,   10,   10,   10,   10,   10,   10,   10,   10,   10,   10,   10,   10,   10,   10,   10,   10,   10,   10,   10,   10,   10 ]
[   10,   10,   10,   10,   10,   10,   10,   10,   10,   10,   10,   10,   10,   10,   10,   10,   10,   10,   10,   10,   10,   10,   10,   10,   10,   10,   10,   10,   10,   10,   10,   10,   10,   10,   10,   10,   10,   10,   10,   10,   10,   10,   10,   10,   10,   10,   10,   10,   10,   10 ]
[   10,   10,   10,   10,   10,   10,   10,   10,   10,   10,   10,   10,   10,   10,   10,   10,   10,   10,   10,   10,   10,   10,   10,   10,   10,   10,   10,   10,   10,   10,   10,   10,   10,   10,   10,   10,   10,   10,   10,   10,   10,   10,   10,   10,   10,   10,   10,   10,   10,   10 ]
[   10,   10,   10,   10,   10,   10,   10,   10,   10,   10,   10,   10,   10,   10,   10,   10,   10,   10,   10,   10,   10,   10,   10,   10,   10,   10,   10,   10,   10,   10,   10,   10,   10,   10,   10,   10,   10,   10,   10,   10,   10,   10,   10,   10,   10,   10,   10,   10,   10,   10 ]
[   10,   10,   10,   10,   10,   10,   10,   10,   10,   10,   10,   10,   10,   10,   10,   10,   10,   10,   10,   10,   10,   10,   10,   10,   10,   10,   10,   10,   10,   10,   10,   10,   10,   10,   10,   10,   10,   10,   10,   10,   10,   10,   10,   10,   10,   10,   10,   10,   10,   10 ]
[   10,   10,   10,   10,   10,   10,   10,   10,   10,   10,   10,   10,   10,   10,   10,   10,   10,   10,   10,   10,   10,   10,   10,   10,   10,   10,   10,   10,   10,   10,   10,   10,   10,   10,   10,   10,   10,   10,   10,   10,   10,   10,   10,   10,   10,   10,   10,   10,   10,   10 ]
[   10,   10,   10,   10,   10,   10,   10,   10,   10,   10,   10,   10,   10,   10,   10,   10,   10,   10,   10,   10,   10,   10,   10,   10,   10,   10,   10,   10,   10,   10,   10,   10,   10,   10,   10,   10,   10,   10,   10,   10,   10,   10,   10,   10,   10,   10,   10,   10,   10,   10 ]
[   10,   10,   10,   10,   10,   10,   10,   10,   10,   10,   10,   10,   10,   10,   10,   10,   10,   10,   10,   10,   10,   10,   10,   10,   10,   10,   10,   10,   10,   10,   10,   10,   10,   10,   10,   10,   10,   10,   10,   10,   10,   10,   10,   10,   10,   10,   10,   10,   10,   10 ]
[   10,   10,   10,   10,   10,   10,   10,   10,   10,   10,   10,   10,   10,   10,   10,   10,   10,   10,   10,   10,   10,   10,   10,   10,   10,   10,   10,   10,   10,   10,   10,   10,   10,   10,   10,   10,   10,   10,   10,   10,   10,   10,   10,   10,   10,   10,   10,   10,   10,   10 ]
[   10,   10,   10,   10,   10,   10,   10,   10,   10,   10,   10,   10,   10,   10,   10,   10,   10,   10,   10,   10,   10,   10,   10,   10,   10,   10,   10,   10,   10,   10,   10,   10,   10,   10,   10,   10,   10,   10,   10,   10,   10,   10,   10,   10,   10,   10,   10,   10,   10,   10 ]
[   10,   10,   10,   10,   10,   10,   10,   10,   10,   10,   10,   10,   10,   10,   10,   10,   10,   10,   10,   10,   10,   10,   10,   10,   10,   10,   10,   10,   10,   10,   10,   10,   10,   10,   10,   10,   10,   10,   10,   10,   10,   10,   10,   10,   10,   10,   10,   10,   10,   10 ]
[   10,   10,   10,   10,   10,   10,   10,   10,   10,   10,   10,   10,   10,   10,   10,   10,   10,   10,   10,   10,   10,   10,   10,   10,   10,   10,   10,   10,   10,   10,   10,   10,   10,   10,   10,   10,   10,   10,   10,   10,   10,   10,   10,   10,   10,   10,   10,   10,   10,   10 ]
[   10,   10,   10,   10,   10,   10,   10,   10,   10,   10,   10,   10,   10,   10,   10,   10,   10,   10,   10,   10,   10,   10,   10,   10,   10,   10,   10,   10,   10,   10,   10,   10,   10,   10,   10,   10,   10,   10,   10,   10,   10,   10,   10,   10,   10,   10,   10,   10,   10,   10 ]
[   10,   10,   10,   10,   10,   10,   10,   10,   10,   10,   10,   10,   10,   10,   10,   10,   10,   10,   10,   10,   10,   10,   10,   10,   10,   10,   10,   10,   10,   10,   10,   10,   10,   10,   10,   10,   10,   10,   10,   10,   10,   10,   10,   10,   10,   10,   10,   10,   10,   10 ]
[   10,   10,   10,   10,   10,   10,   10,   10,   10,   10,   10,   10,   10,   10,   10,   10,   10,   10,   10,   10,   10,   10,   10,   10,   10,   10,   10,   10,   10,   10,   10,   10,   10,   10,   10,   10,   10,   10,   10,   10,   10,   10,   10,   10,   10,   10,   10,   10,   10,   10 ]
[   10,   10,   10,   10,   10,   10,   10,   10,   10,   10,   10,   10,   10,   10,   10,   10,   10,   10,   10,   10,   10,   10,   10,   10,   10,   10,   10,   10,   10,   10,   10,   10,   10,   10,   10,   10,   10,   10,   10,   10,   10,   10,   10,   10,   10,   10,   10,   10,   10,   10 ]
[   10,   10,   10,   10,   10,   10,   10,   10,   10,   10,   10,   10,   10,   10,   10,   10,   10,   10,   10,   10,   10,   10,   10,   10,   10,   10,   10,   10,   10,   10,   10,   10,   10,   10,   10,   10,   10,   10,   10,   10,   10,   10,   10,   10,   10,   10,   10,   10,   10,   10 ]
[   10,   10,   10,   10,   10,   10,   10,   10,   10,   10,   10,   10,   10,   10,   10,   10,   10,   10,   10,   10,   10,   10,   10,   10,   10,   10,   10,   10,   10,   10,   10,   10,   10,   10,   10,   10,   10,   10,   10,   10,   10,   10,   10,   10,   10,   10,   10,   10,   10,   10 ]
[   10,   10,   10,   10,   10,   10,   10,   10,   10,   10,   10,   10,   10,   10,   10,   10,   10,   10,   10,   10,   10,   10,   10,   10,   10,   10,   10,   10,   10,   10,   10,   10,   10,   10,   10,   10,   10,   10,   10,   10,   10,   10,   10,   10,   10,   10,   10,   10,   10,   10 ]
[   10,   10,   10,   10,   10,   10,   10,   10,   10,   10,   10,   10,   10,   10,   10,   10,   10,   10,   10,   10,   10,   10,   10,   10,   10,   10,   10,   10,   10,   10,   10,   10,   10,   10,   10,   10,   10,   10,   10,   10,   10,   10,   10,   10,   10,   10,   10,   10,   10,   10 ]
[   10,   10,   10,   10,   10,   10,   10,   10,   10,   10,   10,   10,   10,   10,   10,   10,   10,   10,   10,   10,   10,   10,   10,   10,   10,   10,   10,   10,   10,   10,   10,   10,   10,   10,   10,   10,   10,   10,   10,   10,   10,   10,   10,   10,   10,   10,   10,   10,   10,   10 ]
[   10,   10,   10,   10,   10,   10,   10,   10,   10,   10,   10,   10,   10,   10,   10,   10,   10,   10,   10,   10,   10,   10,   10,   10,   10,   10,   10,   10,   10,   10,   10,   10,   10,   10,   10,   10,   10,   10,   10,   10,   10,   10,   10,   10,   10,   10,   10,   10,   10,   10 ]
[   10,   10,   10,   10,   10,   10,   10,   10,   10,   10,   10,   10,   10,   10,   10,   10,   10,   10,   10,   10,   10,   10,   10,   10,   10,   10,   10,   10,   10,   10,   10,   10,   10,   10,   10,   10,   10,   10,   10,   10,   10,   10,   10,   10,   10,   10,   10,   10,   10,   10 ]
[   10,   10,   10,   10,   10,   10,   10,   10,   10,   10,   10,   10,   10,   10,   10,   10,   10,   10,   10,   10,   10,   10,   10,   10,   10,   10,   10,   10,   10,   10,   10,   10,   10,   10,   10,   10,   10,   10,   10,   10,   10,   10,   10,   10,   10,   10,   10,   10,   10,   10 ]
[   10,   10,   10,   10,   10,   10,   10,   10,   10,   10,   10,   10,   10,   10,   10,   10,   10,   10,   10,   10,   10,   10,   10,   10,   10,   10,   10,   10,   10,   10,   10,   10,   10,   10,   10,   10,   10,   10,   10,   10,   10,   10,   10,   10,   10,   10,   10,   10,   10,   10 ]
[   10,   10,   10,   10,   10,   10,   10,   10,   10,   10,   10,   10,   10,   10,   10,   10,   10,   10,   10,   10,   10,   10,   10,   10,   10,   10,   10,   10,   10,   10,   10,   10,   10,   10,   10,   10,   10,   10,   10,   10,   10,   10,   10,   10,   10,   10,   10,   10,   10,   10 ]
[   10,   10,   10,   10,   10,   10,   10,   10,   10,   10,   10,   10,   10,   10,   10,   10,   10,   10,   10,   10,   10,   10,   10,   10,   10,   10,   10,   10,   10,   10,   10,   10,   10,   10,   10,   10,   10,   10,   10,   10,   10,   10,   10,   10,   10,   10,   10,   10,   10,   10 ]
[   10,   10,   10,   10,   10,   10,   10,   10,   10,   10,   10,   10,   10,   10,   10,   10,   10,   10,   10,   10,   10,   10,   10,   10,   10,   10,   10,   10,   10,   10,   10,   10,   10,   10,   10,   10,   10,   10,   10,   10,   10,   10,   10,   10,   10,   10,   10,   10,   10,   10 ]
[   10,   10,   10,   10,   10,   10,   10,   10,   10,   10,   10,   10,   10,   10,   10,   10,   10,   10,   10,   10,   10,   10,   10,   10,   10,   10,   10,   10,   10,   10,   10,   10,   10,   10,   10,   10,   10,   10,   10,   10,   10,   10,   10,   10,   10,   10,   10,   10,   10,   10 ]
[   10,   10,   10,   10,   10,   10,   10,   10,   10,   10,   10,   10,   10,   10,   10,   10,   10,   10,   10,   10,   10,   10,   10,   10,   10,   10,   10,   10,   10,   10,   10,   10,   10,   10,   10,   10,   10,   10,   10,   10,   10,   10,   10,   10,   10,   10,   10,   10,   10,   10 ]
[   10,   10,   10,   10,   10,   10,   10,   10,   10,   10,   10,   10,   10,   10,   10,   10,   10,   10,   10,   10,   10,   10,   10,   10,   10,   10,   10,   10,   10,   10,   10,   10,   10,   10,   10,   10,   10,   10,   10,   10,   10,   10,   10,   10,   10,   10,   10,   10,   10,   10 ]
[   10,   10,   10,   10,   10,   10,   10,   10,   10,   10,   10,   10,   10,   10,   10,   10,   10,   10,   10,   10,   10,   10,   10,   10,   10,   10,   10,   10,   10,   10,   10,   10,   10,   10,   10,   10,   10,   10,   10,   10,   10,   10,   10,   10,   10,   10,   10,   10,   10,   10 ]
];
