n=  32;
m=   8;
MM=[   15,   52,   70,   40,   36,   36,   48,   93 ];
AA=[    2,   11,   44,    3,   18,    7,    2,   18,   14,    9,    6,   43,   22,    9,    8,    7,   10,    1,   18,    4,    3,    5,    7,   31,    9,    2,    6,    6,   34,    9,    9,   13 ];
a=[
[  243,  194,  194,  243,  116,  141,  182,  122,  248,   77,  198,  180,  252,  155,  115,  247,  119,  219,  122,   98,  231,  192,  185,  110,  194,   67,   67,  249,  121,  116,  168,  188 ],
[  147,  245,  135,  154,  215,   98,  154,  225,  223,  190,  122,  117,  160,   82,  225,  162,   99,  245,  196,  164,  169,  173,  114,  209,  247,  121,  208,   93,  151,  238,  178,  168 ],
[  112,   96,   77,   86,   69,  247,  210,   76,  253,  172,  221,   84,  200,  191,  157,  237,  157,   71,   76,   70,  153,  192,   84,  168,  103,   67,  140,  246,  192,  144,  217,  206 ],
[  249,  202,  130,  149,  241,   77,  213,  154,  217,  117,  125,  259,  150,  248,   87,  167,  225,  140,  235,  133,   75,  178,  192,  215,  132,  204,  212,  207,  155,  236,  195,  125 ],
[  198,  126,  174,  147,  158,  127,  118,  248,  207,  128,  128,  243,  147,  163,  247,  109,  188,  106,  254,  117,  242,  254,  245,  241,  215,  135,  255,  227,   93,  231,  121,  122 ],
[  222,  127,  123,  197,  150,  232,   77,  244,  248,  184,  255,  199,  256,  140,  117,  138,  139,  173,  196,  151,  103,  103,  129,  247,  214,  238,   75,  244,  121,  121,  246,  232 ],
[  154,  144,  225,  220,  187,  187,  105,  230,  110,  100,  116,  141,  237,  261,  198,   71,  244,  210,  128,  258,  239,  185,  137,  148,  263,  148,   91,  261,  106,  140,   72,  184 ],
[  251,  250,  169,  218,  132,  233,  254,  183,   81,  206,  157,  146,  243,   85,  216,   81,  169,  215,   88,  134,   85,  195,  137,  168,  103,  207,  208,   67,   90,  181,  235,  186 ]
];
c=[
[ 7,10,10, 7, 4, 3,10,10, 3,10, 2, 7, 1, 3, 4, 5, 2, 7, 9, 6, 6, 6, 3, 7, 8, 3, 3, 2, 8, 4, 8, 3 ],
[10, 6,10, 4, 8, 6, 4, 2, 5, 7,10, 5, 9, 5, 2, 8, 9, 6, 2, 6, 9, 2, 8, 3, 5, 3, 8, 4, 7, 3, 7, 9 ],
[10, 7,10, 7, 4, 5, 1,10, 9, 1, 8, 7, 5, 8, 2, 2, 2, 5,10, 5, 5, 6, 6, 8, 3, 3, 4, 5, 6, 2,10,10 ],
[ 4, 8, 5, 7,10,10, 4, 4,10, 5, 6, 5, 8, 3, 9, 8, 1, 5, 5, 2, 9, 6, 6, 8, 3, 6, 5, 8, 3, 5, 8, 7 ],
[ 2, 7, 2,10, 1, 4, 1, 4,10, 4, 3, 8,10, 7, 3, 8, 5, 5, 8, 5, 9, 9, 6, 8, 8, 8, 8, 3, 4, 7, 8, 9 ],
[ 4, 4,10, 1, 7, 7,10, 8, 4, 1, 8, 1, 8, 5, 5, 6, 7, 2, 2, 6, 2, 2, 5, 5, 3, 3, 8, 7, 3, 3, 7, 8 ],
[ 4, 1, 2, 7, 4, 4, 1,10, 7, 9, 4, 5, 1, 3, 1, 6, 8, 2, 4, 5, 2, 1, 6, 9, 2, 9, 3, 3, 4, 4, 7, 1 ],
[ 1, 2, 9, 6, 1, 7, 9,10, 4,10, 1, 9, 7, 6, 9, 4, 9, 9, 8, 9, 8, 9, 7, 8, 3, 9, 3, 3, 2, 8, 3, 2 ]
];
mm_=[
[    0,    0,    0,    0,    0,    0,    0,    0,    0,    0,    0,    0,    0,    0,    0,    0,    0,    0,    0,    0,    0,    0,    0,    0,    0,    0,    0,    0,    0,    0,    0,    0 ]
[    0,    0,    0,    0,    0,    0,    0,    0,    0,    0,    0,    0,    0,    0,    0,    0,    0,    0,    0,    0,    0,    0,    0,    0,    0,    0,    0,    0,    0,    0,    0,    0 ]
[    0,    0,    0,    0,    0,    0,    0,    0,    0,    0,    0,    0,    0,    0,    0,    0,    0,    0,    0,    0,    0,    0,    0,    0,    0,    0,    0,    0,    0,    0,    0,    0 ]
[    0,    0,    0,    0,    0,    0,    0,    0,    0,    0,    0,    0,    0,    0,    0,    0,    0,    0,    0,    0,    0,    0,    0,    0,    0,    0,    0,    0,    0,    0,    0,    0 ]
[    0,    0,    0,    0,    0,    0,    0,    0,    0,    0,    0,    0,    0,    0,    0,    0,    0,    0,    0,    0,    0,    0,    0,    0,    0,    0,    0,    0,    0,    0,    0,    0 ]
[    0,    0,    0,    0,    0,    0,    0,    0,    0,    0,    0,    0,    0,    0,    0,    0,    0,    0,    0,    0,    0,    0,    0,    0,    0,    0,    0,    0,    0,    0,    0,    0 ]
[    0,    0,    0,    0,    0,    0,    0,    0,    0,    0,    0,    0,    0,    0,    0,    0,    0,    0,    0,    0,    0,    0,    0,    0,    0,    0,    0,    0,    0,    0,    0,    0 ]
[    0,    0,    0,    0,    0,    0,    0,    0,    0,    0,    0,    0,    0,    0,    0,    0,    0,    0,    0,    0,    0,    0,    0,    0,    0,    0,    0,    0,    0,    0,    0,    0 ]
];
