n=  21;
m=  12;
MM=[   24,   19,   31,   30,   26,   14,   23,   20,   63,   13,   32,   25 ];
AA=[    2,    8,    2,    3,   19,    5,   15,   38,   32,    9,    3,   21,    2,   29,    5,   50,    9,    7,   27,    7,   27 ];
a=[
[  225,   91,  203,  179,  233,   77,  240,  147,  180,  227,  200,   87,  263,  250,  121,  101,  156,  170,  219,  189,  102 ],
[  187,  170,  132,  171,   81,  112,  157,  172,  167,  206,   76,  105,   84,  242,  143,  170,  212,   91,  246,  196,   91 ],
[  123,  202,  237,   81,  136,  199,  162,  244,   98,  157,  220,  196,   68,  183,  117,  122,  150,  137,  170,   70,  136 ],
[  238,  112,  147,  152,  110,   73,  253,  135,   98,   88,  102,  196,  117,  133,   94,  204,  116,  132,  208,  256,  213 ],
[   73,  175,  202,  260,  234,  119,  214,   79,  157,  202,  263,  102,  113,  165,  226,  102,  192,   93,   69,  219,  112 ],
[  154,  107,  190,  139,   88,  125,  104,   97,  149,  134,  203,   84,  177,  118,  210,   83,  161,  169,  241,  168,  181 ],
[  127,  162,  237,  175,   92,  189,  104,  225,  225,  259,  129,  137,  226,   71,  258,  245,  204,   71,   79,   67,  234 ],
[  144,  185,  234,  127,  112,   81,  206,  154,   97,   91,  161,  189,  117,  196,  177,  148,  259,   93,  219,  202,  131 ],
[  123,  238,   77,   86,   71,  227,  109,  217,  115,  147,  247,  258,  129,  178,  125,  217,  241,  228,  106,  261,  132 ],
[  147,  148,   72,  187,  110,  128,   96,  207,  203,  217,  158,  129,  225,  178,  103,   73,  153,  161,  238,   91,  101 ],
[  123,   76,   78,  154,  149,   97,  119,  146,   94,   76,  183,  122,  178,  178,  106,  130,  168,  121,  136,  160,  162 ],
[  259,  167,  260,  167,  120,  177,  104,   95,  177,   95,  216,  242,  263,  130,  195,  153,  209,  135,  250,  102,  193 ]
];
c=[
[ 1, 1, 7, 7, 7,10,10,10, 9, 9, 5, 9, 2, 3, 8, 8, 2,10, 7, 4, 9 ],
[ 4,10, 1, 1, 3,10, 2, 2, 7, 9,10, 5, 6, 9, 2,10, 5, 3, 4, 2, 3 ],
[10, 4, 1, 3,10, 1, 8, 8, 6, 2, 7, 2, 4, 2, 5, 9, 7, 6,10, 4, 9 ],
[ 1,10,10, 5, 7, 8,10,10, 6,10, 9, 2, 5, 2, 5, 7, 4, 2, 9, 7, 5 ],
[ 8, 4, 4, 4, 3, 1, 3, 2, 1, 8, 2, 9,10, 6, 2, 3, 7, 5, 4, 7,10 ],
[ 4, 4, 7, 7,10, 7, 1, 8, 7, 9, 7, 7, 5, 1, 2, 5, 8, 9, 8, 9, 9 ],
[ 4, 7, 1, 4, 1, 5, 1, 2, 2, 5, 5, 7, 2, 6, 6, 6, 6, 6, 3, 3, 4 ],
[ 1, 1, 4, 8,10, 3, 9, 4, 8, 3, 9, 5, 5, 2, 5, 8, 5, 4, 6, 4, 1 ],
[10, 1,10, 7, 6, 9, 7,10, 3,10, 5, 6, 5, 6, 6,10, 8, 8, 4, 3, 3 ],
[10, 9, 7, 4, 7, 4, 4,10, 8,10, 1, 5, 2, 6, 3, 7, 5, 8, 3, 3, 8 ],
[10,10, 1, 4, 7, 8, 1,10, 3,10,10,10, 6, 6, 5, 1, 8, 8, 9, 9, 7 ],
[ 5, 7, 4, 8, 3, 5, 1, 4, 5, 3, 9, 9, 2, 5, 9, 4, 2, 8, 3, 2, 9 ]
];
mm_=[
[    0,    0,    0,    0,    0,    0,    0,    0,    0,    0,    0,    0,    0,    0,    0,    0,    0,    0,    0,    0,    0 ]
[    0,    0,    0,    0,    0,    0,    0,    0,    0,    0,    0,    0,    0,    0,    0,    0,    0,    0,    0,    0,    0 ]
[    0,    0,    0,    0,    0,    0,    0,    0,    0,    0,    0,    0,    0,    0,    0,    0,    0,    0,    0,    0,    0 ]
[    0,    0,    0,    0,    0,    0,    0,    0,    0,    0,    0,    0,    0,    0,    0,    0,    0,    0,    0,    0,    0 ]
[    0,    0,    0,    0,    0,    0,    0,    0,    0,    0,    0,    0,    0,    0,    0,    0,    0,    0,    0,    0,    0 ]
[    0,    0,    0,    0,    0,    0,    0,    0,    0,    0,    0,    0,    0,    0,    0,    0,    0,    0,    0,    0,    0 ]
[    0,    0,    0,    0,    0,    0,    0,    0,    0,    0,    0,    0,    0,    0,    0,    0,    0,    0,    0,    0,    0 ]
[    0,    0,    0,    0,    0,    0,    0,    0,    0,    0,    0,    0,    0,    0,    0,    0,    0,    0,    0,    0,    0 ]
[    0,    0,    0,    0,    0,    0,    0,    0,    0,    0,    0,    0,    0,    0,    0,    0,    0,    0,    0,    0,    0 ]
[    0,    0,    0,    0,    0,    0,    0,    0,    0,    0,    0,    0,    0,    0,    0,    0,    0,    0,    0,    0,    0 ]
[    0,    0,    0,    0,    0,    0,    0,    0,    0,    0,    0,    0,    0,    0,    0,    0,    0,    0,    0,    0,    0 ]
[    0,    0,    0,    0,    0,    0,    0,    0,    0,    0,    0,    0,    0,    0,    0,    0,    0,    0,    0,    0,    0 ]
];
