n=  13;
m=  13;
MM=[   14,   21,   11,   28,   13,    7,   21,    7,   18,   12,   16,   12,   20 ];
AA=[   20,   28,   13,    6,    3,   43,    4,    1,   34,   32,    2,    9,    5 ];
a=[
[  129,  138,  230,  164,  296,  231,  107,  263,  195,  289,  164,  217,  144 ],
[  103,   84,  165,  251,  161,   92,  131,  229,  143,  237,  101,  157,  230 ],
[  212,  247,  282,  114,  150,  240,  123,  293,  256,  243,  204,  201,  185 ],
[  248,  292,  222,  234,  244,  100,  195,  209,  218,  140,  101,  283,  200 ],
[   94,  214,  286,  136,  193,  255,  181,   89,  120,  104,  298,  234,  127 ],
[  201,  231,   98,  226,  133,  205,  197,  297,  276,  111,  233,  271,  171 ],
[  105,  168,  261,  277,  291,  243,  190,  176,  138,  203,  157,   85,  211 ],
[  231,  214,   84,  127,  256,   89,  196,  155,  159,  194,  141,  100,  263 ],
[   89,   93,  282,  127,  275,  191,  272,  180,  108,  147,  202,  228,  267 ],
[  124,  173,  164,  112,  264,  281,  187,  283,  226,  116,  173,  163,  112 ],
[  104,  179,  253,  261,  284,  272,  200,  112,  269,  213,  194,  188,  117 ],
[  242,  256,  255,  188,  272,   98,  293,  288,  268,  228,  126,  284,  147 ],
[  105,  161,   90,  108,  213,  179,  148,  158,  126,  189,  129,  100,  258 ]
];
c=[
[ 7, 1, 3, 3, 3, 8, 9, 6,10, 9, 3, 7, 9 ],
[ 7, 4, 4, 8, 8, 9,10, 5, 9, 9, 6,10, 4 ],
[ 1,10, 4, 7, 3, 1, 1, 5, 1, 4, 6, 4, 9 ],
[10, 6,10,10, 3, 5, 9, 9, 7, 2, 6, 3, 3 ],
[ 1, 4,10, 4, 8, 5, 1, 8, 9, 9, 2, 6, 4 ],
[ 4, 8, 4, 1, 9, 8, 2, 2, 7, 5, 6, 2, 9 ],
[ 8, 1,10, 8, 6, 4, 6, 5, 1, 5, 8, 4, 1 ],
[ 4, 4, 4, 4, 1, 8, 1, 2, 6, 9, 2, 7, 6 ],
[ 7,10, 4, 3, 9, 6, 2, 2, 3, 7, 5, 5, 5 ],
[ 1, 7, 3, 3, 7, 3, 7, 2, 1, 6, 7, 5, 5 ],
[ 9, 3, 4,10, 1, 9, 3, 5, 1, 2, 8, 6, 6 ],
[ 5, 1, 1, 7, 9, 3, 5, 9, 5, 4, 5, 2, 7 ],
[10, 7, 8, 2, 2, 3, 8, 9, 5, 6, 7, 4, 3 ]
];
mm_=[
[    0,    0,    0,    0,    0,    0,    0,    0,    0,    0,    0,    0,    0 ]
[    0,    0,    0,    0,    0,    0,    0,    0,    0,    0,    0,    0,    0 ]
[    0,    0,    0,    0,    0,    0,    0,    0,    0,    0,    0,    0,    0 ]
[    0,    0,    0,    0,    0,    0,    0,    0,    0,    0,    0,    0,    0 ]
[    0,    0,    0,    0,    0,    0,    0,    0,    0,    0,    0,    0,    0 ]
[    0,    0,    0,    0,    0,    0,    0,    0,    0,    0,    0,    0,    0 ]
[    0,    0,    0,    0,    0,    0,    0,    0,    0,    0,    0,    0,    0 ]
[    0,    0,    0,    0,    0,    0,    0,    0,    0,    0,    0,    0,    0 ]
[    0,    0,    0,    0,    0,    0,    0,    0,    0,    0,    0,    0,    0 ]
[    0,    0,    0,    0,    0,    0,    0,    0,    0,    0,    0,    0,    0 ]
[    0,    0,    0,    0,    0,    0,    0,    0,    0,    0,    0,    0,    0 ]
[    0,    0,    0,    0,    0,    0,    0,    0,    0,    0,    0,    0,    0 ]
[    0,    0,    0,    0,    0,    0,    0,    0,    0,    0,    0,    0,    0 ]
];
