n=  16;
m=  16;
MM=[   22,   24,   10,    3,   18,   54,    9,   17,   15,   18,   19,   38,    6,   13,   38,    6 ];
AA=[   11,   24,    2,   49,    2,   22,   41,    8,    9,   16,    1,   60,   17,    1,   30,   17 ];
a=[
[  149,  221,   69,  112,  201,  179,  209,  183,  133,  249,   79,  121,  101,  262,  163,   97 ],
[  139,   92,  179,  112,  136,  172,  183,  216,  193,  151,  235,  243,  206,  259,  193,   70 ],
[  240,  142,   86,  170,  162,   82,  106,  196,  124,  172,  195,  238,  250,   90,  140,  250 ],
[   72,  112,   68,  184,   95,  230,  221,  128,  130,  146,  212,  241,   75,  151,  176,  179 ],
[  109,  222,   72,   90,  117,  112,   74,  151,  101,  181,  196,   79,  117,  155,  193,  238 ],
[  206,  159,  241,  198,  149,  146,  214,  171,  207,  133,   75,  224,  127,  208,  249,  235 ],
[  118,  185,  251,  159,  119,   98,  252,  204,  137,  177,  208,  126,  167,  110,  163,  136 ],
[  105,  206,  101,  196,  121,  127,  174,   90,  216,  258,  119,  156,  212,   94,   69,  126 ],
[  211,  127,  154,  158,   76,  214,  256,  197,  221,  224,  255,  147,  144,  106,  219,  167 ],
[  198,  109,   69,  186,   69,  196,  159,  243,  148,  207,  176,   79,  214,  245,  215,  138 ],
[  237,  128,  213,  232,  225,  240,  202,  129,  221,  204,  225,  181,  183,  229,  109,  147 ],
[  251,  163,  175,  110,   88,  107,  253,  198,  104,  183,  141,  143,  111,  148,  185,  130 ],
[  188,  142,   99,  138,  248,  255,   89,  142,  235,  201,  188,  241,  241,   75,  189,  120 ],
[  109,  145,  198,  122,  249,  178,  230,  134,   92,  192,  177,  215,  239,   67,  242,  208 ],
[  142,  208,  147,  109,  167,   88,  251,  215,  130,  111,  144,  148,  102,  178,  166,  179 ],
[  164,   81,  188,  238,  105,  210,  128,  136,  258,  166,  124,  151,  134,  136,  102,  111 ]
];
c=[
[ 7, 3, 4,10, 3, 8, 2, 9, 2, 2, 3, 3, 8, 3, 7, 8 ],
[ 8, 1, 7,10,10, 2,10,10,10, 6, 5, 8, 9, 5,10, 5 ],
[10, 4, 8,10, 7, 3, 5, 2, 6, 2, 8, 3, 2, 3, 5, 3 ],
[ 7,10, 3, 1, 3, 9, 8, 3, 1,10, 5,10, 9, 6, 5, 7 ],
[ 7, 4, 7, 2, 5,10, 8, 6, 9, 9, 2, 3, 5, 3, 9, 3 ],
[10,10,10, 1, 7, 2, 4,10, 9, 2, 9, 5, 8, 3, 2, 5 ],
[ 1, 1, 1,10, 2, 6, 1, 6, 6, 5, 3, 7, 7, 6, 7, 9 ],
[ 1,10, 8, 9, 8, 8, 3, 2, 9, 5, 2, 2, 5, 5, 4, 7 ],
[ 1, 4, 4, 1, 9, 3, 8, 2, 4, 1, 8,10, 3, 4, 7, 8 ],
[ 1, 7, 4, 2, 4, 9,10, 9, 8, 9, 5, 3, 3, 7, 9, 6 ],
[ 1, 4, 4, 8, 1,10, 8, 5, 4, 6, 2, 8, 9,10, 8,10 ],
[ 1, 7, 4, 6,10, 4,10, 1, 2,10, 5, 2, 6, 8, 2, 4 ],
[ 3, 4,10, 8, 4, 9, 9, 4, 5, 3, 5, 8, 8, 9, 5, 2 ],
[ 7, 1, 1,10, 4, 6, 9, 9, 1, 6, 6, 9, 2, 2, 9, 3 ],
[ 4, 9,10, 8, 7,10, 2, 8, 5, 6, 2, 8, 3, 7, 6, 8 ],
[ 6, 4, 5, 1, 1, 1, 3,10, 5, 7,10, 6, 8, 7, 3, 6 ]
];
mm_=[
[    0,    0,    0,    0,    0,    0,    0,    0,    0,    0,    0,    0,    0,    0,    0,    0 ]
[    0,    0,    0,    0,    0,    0,    0,    0,    0,    0,    0,    0,    0,    0,    0,    0 ]
[    0,    0,    0,    0,    0,    0,    0,    0,    0,    0,    0,    0,    0,    0,    0,    0 ]
[    0,    0,    0,    0,    0,    0,    0,    0,    0,    0,    0,    0,    0,    0,    0,    0 ]
[    0,    0,    0,    0,    0,    0,    0,    0,    0,    0,    0,    0,    0,    0,    0,    0 ]
[    0,    0,    0,    0,    0,    0,    0,    0,    0,    0,    0,    0,    0,    0,    0,    0 ]
[    0,    0,    0,    0,    0,    0,    0,    0,    0,    0,    0,    0,    0,    0,    0,    0 ]
[    0,    0,    0,    0,    0,    0,    0,    0,    0,    0,    0,    0,    0,    0,    0,    0 ]
[    0,    0,    0,    0,    0,    0,    0,    0,    0,    0,    0,    0,    0,    0,    0,    0 ]
[    0,    0,    0,    0,    0,    0,    0,    0,    0,    0,    0,    0,    0,    0,    0,    0 ]
[    0,    0,    0,    0,    0,    0,    0,    0,    0,    0,    0,    0,    0,    0,    0,    0 ]
[    0,    0,    0,    0,    0,    0,    0,    0,    0,    0,    0,    0,    0,    0,    0,    0 ]
[    0,    0,    0,    0,    0,    0,    0,    0,    0,    0,    0,    0,    0,    0,    0,    0 ]
[    0,    0,    0,    0,    0,    0,    0,    0,    0,    0,    0,    0,    0,    0,    0,    0 ]
[    0,    0,    0,    0,    0,    0,    0,    0,    0,    0,    0,    0,    0,    0,    0,    0 ]
[    0,    0,    0,    0,    0,    0,    0,    0,    0,    0,    0,    0,    0,    0,    0,    0 ]
];
